<?xml version="1.0" encoding="utf-8"?>
<COLLADA xmlns="http://www.collada.org/2005/11/COLLADASchema" version="1.4.1">
  <asset>
    <contributor>
      <author/>
      <authoring_tool>FBX COLLADA exporter</authoring_tool>
      <comments/>
    </contributor>
    <created>2023-12-15T10:33:03Z</created>
    <keywords/>
    <modified>2023-12-15T10:33:03Z</modified>
    <revision/>
    <subject/>
    <title/>
    <unit meter="0.010000" name="centimeter"/>
    <up_axis>Y_UP</up_axis>
  </asset>
  <library_materials>
    <material id="FBXASC227FBXASC131FBXASC158FBXASC227FBXASC131FBXASC134FBXASC227FBXASC131FBXASC170FBXASC227FBXASC130FBXASC162FBXASC227FBXASC131FBXASC171" name="FBXASC227FBXASC131FBXASC158FBXASC227FBXASC131FBXASC134FBXASC227FBXASC131FBXASC170FBXASC227FBXASC130FBXASC162FBXASC227FBXASC131FBXASC171">
      <instance_effect url="#FBXASC227FBXASC131FBXASC158FBXASC227FBXASC131FBXASC134FBXASC227FBXASC131FBXASC170FBXASC227FBXASC130FBXASC162FBXASC227FBXASC131FBXASC171-fx"/>
    </material>
  </library_materials>
  <library_effects>
    <effect id="FBXASC227FBXASC131FBXASC158FBXASC227FBXASC131FBXASC134FBXASC227FBXASC131FBXASC170FBXASC227FBXASC130FBXASC162FBXASC227FBXASC131FBXASC171-fx" name="FBXASC227FBXASC131FBXASC158FBXASC227FBXASC131FBXASC134FBXASC227FBXASC131FBXASC170FBXASC227FBXASC130FBXASC162FBXASC227FBXASC131FBXASC171">
      <profile_COMMON>
        <technique sid="standard">
          <phong>
            <emission>
              <color sid="emission">0.000000  0.000000 0.000000 1.000000</color>
            </emission>
            <ambient>
              <color sid="ambient">0.200000  0.200000 0.200000 1.000000</color>
            </ambient>
            <diffuse>
              <color sid="diffuse">1.000000  1.000000 1.000000 1.000000</color>
            </diffuse>
            <specular>
              <color sid="specular">0.200000  0.200000 0.200000 1.000000</color>
            </specular>
            <shininess>
              <float sid="shininess">20.000000</float>
            </shininess>
            <reflective>
              <color sid="reflective">0.000000  0.000000 0.000000 1.000000</color>
            </reflective>
            <reflectivity>
              <float sid="reflectivity">1.000000</float>
            </reflectivity>
            <transparent opaque="RGB_ZERO">
              <color sid="transparent">0.000000  0.000000 0.000000 1.000000</color>
            </transparent>
            <transparency>
              <float sid="transparency">1.000000</float>
            </transparency>
          </phong>
        </technique>
      </profile_COMMON>
    </effect>
  </library_effects>
  <library_geometries>
    <geometry id="polySurface1-lib" name="polySurface1Mesh">
      <mesh>
        <source id="polySurface1-POSITION">
          <float_array id="polySurface1-POSITION-array" count="99">
-346.878571 299.999969 242.535400
-100.000000 299.999939 100.000000
-346.878510 109.952782 242.535400
-100.000000 99.999969 100.000000
-346.878510 99.999985 242.535400
-328.164673 99.999985 244.634949
-328.164673 299.999969 244.634949
-226.500824 99.999992 319.105865
-282.413605 99.999992 312.279633
-282.413605 299.999969 312.279633
159.807587 299.999969 249.999969
159.807587 99.999985 250.000000
-155.399689 100.000000 389.813477
-155.399689 300.000000 389.813477
-201.085205 299.999969 322.208801
-201.085205 99.999992 322.208801
159.807587 300.000000 550.000000
159.807587 100.000023 550.000000
-226.500824 299.999969 319.105865
150.733673 100.000023 550.000000
158.265259 100.000023 550.890442
158.265259 101.187302 550.890442
-29.599174 100.000015 466.606659
-29.599174 300.000000 466.606659
-74.648750 300.000000 399.390198
-74.648750 100.000000 399.390198
-94.803688 100.000000 396.999908
50.970562 100.000015 476.072723
50.970562 300.000000 476.072723
-100.000000 300.000000 396.383636
96.511864 100.000023 543.589355
96.511864 300.000000 543.589355
158.265259 300.000000 550.890442
</float_array>
          <technique_common>
            <accessor source="#polySurface1-POSITION-array" count="33" stride="3">
              <param name="X" type="float"/>
              <param name="Y" type="float"/>
              <param name="Z" type="float"/>
            </accessor>
          </technique_common>
        </source>
        <source id="polySurface1-Normal0">
          <float_array id="polySurface1-Normal0-array" count="558">
-0.500000 -0.000000 -0.866025
-0.500000 -0.000000 -0.866025
-0.500000 -0.000000 -0.866025
-0.500000 -0.000000 -0.866025
-0.500000 -0.000000 -0.866025
-0.500000 -0.000000 -0.866025
-0.500000 -0.000000 -0.866025
-0.500000 -0.000000 -0.866025
-0.500000 -0.000000 -0.866025
-0.111493 0.000000 0.993765
-0.111493 0.000000 0.993765
-0.111493 0.000000 0.993765
-0.111493 0.000000 0.993765
-0.111493 0.000000 0.993765
-0.111493 0.000000 0.993765
-0.111493 0.000000 0.993765
-0.111493 0.000000 0.993765
-0.111493 0.000000 0.993765
0.000000 -1.000000 0.000000
0.000000 -1.000000 0.000000
0.000000 -1.000000 0.000000
0.000000 -1.000000 0.000000
0.000000 -1.000000 0.000000
0.000000 -1.000000 0.000000
0.000000 -1.000000 0.000000
0.000000 -1.000000 0.000000
0.000000 -1.000000 0.000000
-0.828332 0.000000 0.560237
-0.828332 0.000000 0.560237
-0.828332 0.000000 0.560237
-0.828332 0.000000 0.560237
-0.828332 0.000000 0.560237
-0.828332 0.000000 0.560237
0.500000 -0.000000 -0.866025
0.500000 -0.000000 -0.866025
0.500000 -0.000000 -0.866025
0.500000 -0.000000 -0.866025
0.500000 -0.000000 -0.866025
0.500000 -0.000000 -0.866025
-0.828551 0.000000 0.559914
-0.828551 0.000000 0.559914
-0.828551 0.000000 0.559913
-0.828551 0.000000 0.559914
-0.828551 0.000000 0.559913
-0.828551 0.000000 0.559914
0.000000 1.000000 -0.000000
0.000000 1.000000 -0.000000
0.000000 1.000000 -0.000000
1.000000 0.000000 0.000000
1.000000 0.000000 0.000000
1.000000 0.000000 0.000000
1.000000 0.000000 0.000000
1.000000 0.000000 0.000000
1.000000 0.000000 0.000000
0.000000 1.000000 -0.000000
0.000000 1.000000 -0.000000
0.000000 1.000000 -0.000000
0.000000 1.000000 -0.000000
0.000000 1.000000 -0.000000
0.000000 1.000000 -0.000000
0.000000 1.000000 -0.000000
0.000000 1.000000 -0.000000
0.000000 1.000000 -0.000000
0.000000 -1.000000 0.000000
0.000000 -1.000000 0.000000
0.000000 -1.000000 0.000000
0.500000 0.000000 0.866025
0.500000 0.000000 0.866025
0.500000 0.000000 0.866025
-0.830687 0.000000 0.556740
-0.830687 0.000000 0.556740
-0.830687 0.000000 0.556740
-0.830687 0.000000 0.556740
-0.830687 0.000000 0.556740
-0.830687 0.000000 0.556740
-0.121187 0.000000 0.992630
-0.121187 0.000000 0.992630
-0.121187 0.000000 0.992630
-0.121187 0.000000 0.992630
-0.121187 0.000000 0.992630
-0.121187 0.000000 0.992630
-0.121187 0.000000 0.992630
-0.121187 0.000000 0.992630
-0.121187 0.000000 0.992630
-0.121187 0.000000 0.992630
-0.121187 0.000000 0.992630
-0.121187 0.000000 0.992630
0.000000 -1.000000 0.000000
0.000000 -1.000000 0.000000
0.000000 -1.000000 0.000000
0.000000 -1.000000 0.000000
0.000000 -1.000000 0.000000
0.000000 -1.000000 0.000000
0.000000 -1.000000 0.000000
0.000000 -1.000000 0.000000
0.000000 -1.000000 0.000000
0.000000 -1.000000 0.000000
0.000000 -1.000000 0.000000
0.000000 -1.000000 0.000000
-0.116686 0.000000 0.993169
-0.116686 0.000000 0.993169
-0.116686 0.000000 0.993169
-0.116686 0.000000 0.993169
-0.116686 0.000000 0.993169
-0.116686 0.000000 0.993169
0.000000 1.000000 -0.000000
0.000000 1.000000 -0.000000
0.000000 1.000000 -0.000000
0.000000 1.000000 -0.000000
0.000000 1.000000 -0.000000
0.000000 1.000000 -0.000000
0.000000 1.000000 -0.000000
0.000000 1.000000 -0.000000
0.000000 1.000000 -0.000000
-0.829033 0.000000 0.559200
-0.829033 0.000000 0.559200
-0.829033 0.000000 0.559200
-0.829033 0.000000 0.559200
-0.829033 0.000000 0.559200
-0.829033 0.000000 0.559200
0.500000 0.000000 0.866025
0.500000 0.000000 0.866025
0.500000 0.000000 0.866025
0.500000 0.000000 0.866025
0.500000 0.000000 0.866025
0.500000 0.000000 0.866025
-0.117770 0.000000 0.993041
-0.117770 0.000000 0.993041
-0.117770 0.000000 0.993041
-0.117770 0.000000 0.993041
-0.117770 0.000000 0.993041
-0.117770 0.000000 0.993041
-0.117770 0.000000 0.993041
-0.117770 0.000000 0.993041
-0.117770 0.000000 0.993041
-0.117770 0.000000 0.993041
-0.117770 0.000000 0.993041
-0.117770 0.000000 0.993041
-0.117413 0.000000 0.993083
-0.117413 0.000000 0.993083
-0.117413 0.000000 0.993083
-0.117413 0.000000 0.993083
-0.117413 0.000000 0.993083
-0.117413 0.000000 0.993083
-0.117413 0.000000 0.993083
-0.117413 0.000000 0.993083
-0.117413 0.000000 0.993083
-0.117413 0.000000 0.993083
-0.117413 0.000000 0.993083
-0.117413 0.000000 0.993083
0.000000 -1.000000 0.000000
0.000000 -1.000000 0.000000
0.000000 -1.000000 0.000000
0.000000 -1.000000 0.000000
0.000000 -1.000000 0.000000
0.000000 -1.000000 0.000000
0.000000 -1.000000 0.000000
0.000000 -1.000000 0.000000
0.000000 -1.000000 0.000000
0.000000 -1.000000 0.000000
0.000000 -1.000000 0.000000
0.000000 -1.000000 0.000000
0.000000 -1.000000 0.000000
0.000000 -1.000000 0.000000
0.000000 -1.000000 0.000000
0.000000 -1.000000 0.000000
0.000000 -1.000000 0.000000
0.000000 -1.000000 0.000000
0.000000 1.000000 -0.000000
0.000000 1.000000 -0.000000
0.000000 1.000000 -0.000000
0.000000 1.000000 -0.000000
0.000000 1.000000 -0.000000
0.000000 1.000000 -0.000000
0.000000 1.000000 -0.000000
0.000000 1.000000 -0.000000
0.000000 1.000000 -0.000000
0.000000 1.000000 -0.000000
0.000000 1.000000 -0.000000
0.000000 1.000000 -0.000000
0.000000 1.000000 -0.000000
0.000000 1.000000 -0.000000
0.000000 1.000000 -0.000000
0.000000 1.000000 -0.000000
0.000000 1.000000 -0.000000
0.000000 1.000000 -0.000000
</float_array>
          <technique_common>
            <accessor source="#polySurface1-Normal0-array" count="186" stride="3">
              <param name="X" type="float"/>
              <param name="Y" type="float"/>
              <param name="Z" type="float"/>
            </accessor>
          </technique_common>
        </source>
        <source id="polySurface1-UV0">
          <float_array id="polySurface1-UV0-array" count="176">
0.365094 0.308355
0.478235 0.204627
0.445848 0.389282
0.563036 0.290860
0.450068 0.393573
0.999977 0.480656
0.999983 0.880814
0.767564 0.880814
0.767560 0.500569
0.767560 0.480656
0.052404 0.042004
0.209137 0.000001
0.107308 0.101838
0.077573 0.089848
0.062384 0.045915
1.000006 0.480651
1.000011 0.880806
-0.007880 0.880808
-0.007885 0.480654
0.596950 0.100395
0.681743 0.186913
0.999997 0.480654
0.999998 0.880817
-0.007033 0.880805
-0.007034 0.480642
0.234521 0.999999
0.086631 0.914604
0.086631 0.743846
0.715612 0.000001
0.800394 0.086592
0.227162 0.662730
0.222870 0.672552
0.243196 0.714358
0.230647 0.743861
0.280700 0.284360
0.285689 0.285697
0.284710 0.285960
0.085742 0.741551
0.085030 0.742245
0.085237 0.741058
1.000000 0.480657
1.000000 0.880814
0.001305 0.880815
0.001304 0.480658
1.000001 0.480655
0.999998 0.880802
0.683995 0.880802
-0.011193 0.880803
-0.011190 0.480657
0.683997 0.480656
0.329884 0.120748
0.168241 0.164066
0.135984 0.151189
0.120825 0.107288
1.000002 0.480656
1.000003 0.880814
-0.001248 0.880816
-0.001248 0.480658
0.224943 0.757272
0.245267 0.799034
0.232738 0.828211
1.000000 0.480656
1.000000 0.880814
-0.005140 0.880814
-0.005140 0.480656
0.000001 0.659363
0.000712 0.658668
0.999999 0.480666
1.000004 0.880820
0.684921 0.880821
-0.003624 0.880821
-0.003629 0.480667
0.749500 0.480666
-0.002835 0.880815
-0.002835 0.480657
0.671038 0.480656
0.764642 0.480656
0.764642 0.483032
0.764642 0.880814
0.251833 0.272848
0.236740 0.229017
0.193837 0.211943
0.178971 0.168350
0.227005 0.841563
0.247319 0.882901
0.229054 0.925309
0.249376 0.966975
0.235399 0.999492
</float_array>
          <technique_common>
            <accessor source="#polySurface1-UV0-array" count="88" stride="2">
              <param name="S" type="float"/>
              <param name="T" type="float"/>
            </accessor>
          </technique_common>
        </source>
        <vertices id="polySurface1-VERTEX">
          <input semantic="POSITION" source="#polySurface1-POSITION"/>
        </vertices>
        <triangles count="62" material="FBXASC227FBXASC131FBXASC158FBXASC227FBXASC131FBXASC134FBXASC227FBXASC131FBXASC170FBXASC227FBXASC130FBXASC162FBXASC227FBXASC131FBXASC171">
          <input semantic="VERTEX" offset="0" source="#polySurface1-VERTEX"/>
          <input semantic="NORMAL" offset="1" source="#polySurface1-Normal0"/>
          <input semantic="TEXCOORD" offset="2" set="0" source="#polySurface1-UV0"/>
          <p> 0 0 0 1 1 1 2 2 2 3 3 3 2 4 2 1 5 1 3 6 3 4 7 4 2 8 2 6 9 6 2 10 8 5 11 5 2 12 8 6 13 6 0 14 7 5 15 5 2 16 8 4 17 9 4 18 10 3 19 11 5 20 14 8 21 13 5 22 14 7 23 12 3 24 11 7 25 12 5 26 14 8 27 15 9 28 16 6 29 17 8 30 15 6 31 17 5 32 18 3 33 3 1 34 1 10 35 19 10 36 19 11 37 20 3 38 3 12 39 21 13 40 22 14 41 23 12 42 21 14 43 23 15 44 24 16 45 25 10 46 26 1 47 27 11 48 20 10 49 19 16 50 28 16 51 28 17 52 29 11 53 20 1 54 27 0 55 30 6 56 31 6 57 31 18 58 33 1 59 27 18 60 33 6 61 31 9 62 32 19 63 34 17 64 35 20 65 36 20 66 37 17 67 38 21 68 39 22 69 40 23 70 41 24 71 42 22 72 40 24 73 42 25 74 43 18 75 46 7 76 49 14 77 45 7 78 49 9 79 47 8 80 48 14 81 45 7 82 49 15 83 44 9 84 47 7 85 49 18 86 46 7 87 12 3 88 11 15 89 53 12 90 52 15 91 53 26 92 51 3 93 11 26 94 51 15 95 53 26 96 51 3 97 11 11 98 50 23 99 56 27 100 54 28 101 55 27 102 54 23 103 56 22 104 57 14 105 58 1 106 27 18 107 33 14 108 58 29 109 60 1 110 27 29 111 60 14 112 58 13 113 59 30 114 61 31 115 62 28 116 63 30 117 61 28 118 63 27 119 64 32 120 66 21 121 39 16 122 65 16 123 65 21 124 39 17 125 38 29 126 69 26 127 72 24 128 68 12 129 71 29 130 69 13 131 70 24 132 68 26 133 72 25 134 67 29 135 69 12 136 71 26 137 72 19 138 75 31 139 73 30 140 74 31 141 73 19 142 75 32 143 78 19 144 75 21 145 77 32 146 78 21 147 77 19 148 75 20 149 76 11 150 50 17 151 35 27 152 80 11 153 50 27 154 80 25 155 82 22 156 81 25 157 82 27 158 80 27 159 80 17 160 35 19 161 34 27 162 80 19 163 34 30 164 79 26 165 51 11 166 50 25 167 82 1 168 27 29 169 60 24 170 83 28 171 85 16 172 25 1 173 27 23 174 84 28 175 85 24 176 83 1 177 27 24 178 83 28 179 85 31 180 86 16 181 25 28 182 85 16 183 25 31 184 86 32 185 87</p>
        </triangles>
      </mesh>
    </geometry>
    <geometry id="FBXASC229FBXASC134FBXASC136-lib" name="FBXASC229FBXASC134FBXASC136Mesh">
      <mesh>
        <source id="FBXASC229FBXASC134FBXASC136-POSITION">
          <float_array id="FBXASC229FBXASC134FBXASC136-POSITION-array" count="99">
-346.878601 99.999985 1640.491333
-359.807587 99.999985 1647.955933
-346.878601 109.952713 1640.491333
-359.807587 299.999969 1647.955933
-359.807587 100.000023 1947.955933
-359.807587 300.000000 1947.955933
-100.000000 100.000031 2097.955811
-100.000000 300.000061 2097.955811
158.265152 300.000000 1948.846436
158.265152 101.187386 1948.846436
-346.878601 299.999969 1640.491333
-282.413605 99.999992 1710.235596
-328.164673 99.999985 1642.590942
-328.164673 299.999969 1642.590942
-282.413605 299.999969 1710.235596
-155.399689 100.000000 1787.769531
-201.085205 99.999992 1720.164795
-201.085205 299.999969 1720.164795
-155.399689 300.000000 1787.769531
-29.599174 100.000015 1864.562622
-74.648750 100.000000 1797.346191
-74.648750 300.000000 1797.346191
-29.599174 300.000000 1864.562622
158.265152 100.000023 1948.846436
150.732986 100.000023 1947.955933
50.970562 100.000015 1874.028687
50.970562 300.000000 1874.028687
96.511864 100.000023 1941.545410
96.511864 300.000000 1941.545410
-226.500854 99.999992 1717.061890
-94.803795 100.000000 1794.955933
-226.500854 299.999969 1717.061890
-100.000000 300.000000 1794.339600
</float_array>
          <technique_common>
            <accessor source="#FBXASC229FBXASC134FBXASC136-POSITION-array" count="33" stride="3">
              <param name="X" type="float"/>
              <param name="Y" type="float"/>
              <param name="Z" type="float"/>
            </accessor>
          </technique_common>
        </source>
        <source id="FBXASC229FBXASC134FBXASC136-Normal0">
          <float_array id="FBXASC229FBXASC134FBXASC136-Normal0-array" count="558">
-0.500000 -0.000000 -0.866025
-0.500000 -0.000000 -0.866025
-0.500000 -0.000000 -0.866025
-1.000000 0.000000 0.000000
-1.000000 0.000000 0.000000
-1.000000 0.000000 0.000000
-1.000000 0.000000 0.000000
-1.000000 0.000000 0.000000
-1.000000 0.000000 0.000000
-0.500000 0.000000 0.866025
-0.500000 0.000000 0.866025
-0.500000 0.000000 0.866025
-0.500000 0.000000 0.866025
-0.500000 0.000000 0.866025
-0.500000 0.000000 0.866025
0.500000 0.000000 0.866025
0.500000 0.000000 0.866025
0.500000 0.000000 0.866025
-0.500000 -0.000000 -0.866025
-0.500000 -0.000000 -0.866025
-0.500000 -0.000000 -0.866025
-0.500000 -0.000000 -0.866025
-0.500000 -0.000000 -0.866025
-0.500000 -0.000000 -0.866025
0.828332 0.000000 -0.560238
0.828332 0.000000 -0.560238
0.828332 0.000000 -0.560238
0.828332 0.000000 -0.560238
0.828332 0.000000 -0.560238
0.828332 0.000000 -0.560238
0.828551 0.000000 -0.559914
0.828551 0.000000 -0.559914
0.828551 0.000000 -0.559914
0.828551 0.000000 -0.559914
0.828551 0.000000 -0.559914
0.828551 0.000000 -0.559914
0.830687 0.000000 -0.556740
0.830687 0.000000 -0.556740
0.830687 0.000000 -0.556740
0.830687 0.000000 -0.556740
0.830687 0.000000 -0.556740
0.830687 0.000000 -0.556740
0.000000 -1.000000 0.000000
0.000000 -1.000000 0.000000
0.000000 -1.000000 0.000000
0.000000 -1.000000 0.000000
0.000000 -1.000000 0.000000
0.000000 -1.000000 0.000000
0.116687 0.000000 -0.993169
0.116687 0.000000 -0.993169
0.116687 0.000000 -0.993169
0.116687 0.000000 -0.993169
0.116687 0.000000 -0.993169
0.116687 0.000000 -0.993169
0.829033 0.000000 -0.559200
0.829033 0.000000 -0.559200
0.829033 0.000000 -0.559200
0.829033 0.000000 -0.559200
0.829033 0.000000 -0.559200
0.829033 0.000000 -0.559200
0.500000 0.000000 0.866025
0.500000 0.000000 0.866025
0.500000 0.000000 0.866025
0.500000 0.000000 0.866025
0.500000 0.000000 0.866025
0.500000 0.000000 0.866025
0.111491 0.000000 -0.993765
0.111491 0.000000 -0.993765
0.111491 0.000000 -0.993765
0.111491 0.000000 -0.993765
0.111491 0.000000 -0.993765
0.111491 0.000000 -0.993765
0.111491 0.000000 -0.993765
0.111491 0.000000 -0.993765
0.111491 0.000000 -0.993765
0.000000 -1.000000 0.000000
0.000000 -1.000000 0.000000
0.000000 -1.000000 0.000000
0.000000 -1.000000 0.000000
0.000000 -1.000000 0.000000
0.000000 -1.000000 0.000000
0.000000 -1.000000 0.000000
0.000000 -1.000000 0.000000
0.000000 -1.000000 0.000000
0.000000 -1.000000 0.000000
0.000000 -1.000000 0.000000
0.000000 -1.000000 0.000000
0.000000 -1.000000 0.000000
0.000000 -1.000000 0.000000
0.000000 -1.000000 0.000000
0.000000 -1.000000 0.000000
0.000000 -1.000000 0.000000
0.000000 -1.000000 0.000000
0.000000 -1.000000 0.000000
0.000000 -1.000000 0.000000
0.000000 -1.000000 0.000000
0.121188 0.000000 -0.992630
0.121188 0.000000 -0.992630
0.121188 0.000000 -0.992630
0.121188 0.000000 -0.992630
0.121188 0.000000 -0.992630
0.121188 0.000000 -0.992630
0.121188 0.000000 -0.992630
0.121188 0.000000 -0.992630
0.121188 0.000000 -0.992630
0.121188 0.000000 -0.992630
0.121188 0.000000 -0.992630
0.121188 0.000000 -0.992630
0.000000 1.000000 -0.000000
0.000000 1.000000 -0.000000
0.000000 1.000000 -0.000000
0.000000 1.000000 -0.000000
0.000000 1.000000 -0.000000
0.000000 1.000000 -0.000000
0.000000 1.000000 -0.000000
0.000000 1.000000 -0.000000
0.000000 1.000000 -0.000000
0.000000 1.000000 -0.000000
0.000000 1.000000 -0.000000
0.000000 1.000000 -0.000000
0.117770 -0.000000 -0.993041
0.117770 -0.000000 -0.993041
0.117770 -0.000000 -0.993041
0.117770 -0.000000 -0.993041
0.117770 -0.000000 -0.993041
0.117770 -0.000000 -0.993041
0.117770 -0.000000 -0.993041
0.117770 -0.000000 -0.993041
0.117770 -0.000000 -0.993041
0.117770 -0.000000 -0.993041
0.117770 -0.000000 -0.993041
0.117770 -0.000000 -0.993041
0.000000 1.000000 -0.000000
0.000000 1.000000 -0.000000
0.000000 1.000000 -0.000000
0.000000 1.000000 -0.000000
0.000000 1.000000 -0.000000
0.000000 1.000000 -0.000000
0.000000 1.000000 -0.000000
0.000000 1.000000 -0.000000
0.000000 1.000000 -0.000000
0.000000 1.000000 -0.000000
0.000000 1.000000 -0.000000
0.000000 1.000000 -0.000000
0.117415 -0.000000 -0.993083
0.117415 -0.000000 -0.993083
0.117415 -0.000000 -0.993083
0.117415 -0.000000 -0.993083
0.117415 -0.000000 -0.993083
0.117415 -0.000000 -0.993083
0.117415 -0.000000 -0.993083
0.117415 -0.000000 -0.993083
0.117415 -0.000000 -0.993083
0.117415 -0.000000 -0.993083
0.117415 -0.000000 -0.993083
0.117415 -0.000000 -0.993083
0.000000 -1.000000 0.000000
0.000000 -1.000000 0.000000
0.000000 -1.000000 0.000000
0.000000 -1.000000 0.000000
0.000000 -1.000000 0.000000
0.000000 -1.000000 0.000000
0.000000 -1.000000 0.000000
0.000000 -1.000000 0.000000
0.000000 -1.000000 0.000000
0.000000 -1.000000 0.000000
0.000000 -1.000000 0.000000
0.000000 -1.000000 0.000000
0.000000 -1.000000 0.000000
0.000000 -1.000000 0.000000
0.000000 -1.000000 0.000000
0.000000 1.000000 -0.000000
0.000000 1.000000 -0.000000
0.000000 1.000000 -0.000000
0.000000 1.000000 -0.000000
0.000000 1.000000 -0.000000
0.000000 1.000000 -0.000000
0.000000 1.000000 -0.000000
0.000000 1.000000 -0.000000
0.000000 1.000000 -0.000000
0.000000 1.000000 -0.000000
0.000000 1.000000 -0.000000
0.000000 1.000000 -0.000000
0.000000 1.000000 -0.000000
0.000000 1.000000 -0.000000
0.000000 1.000000 -0.000000
</float_array>
          <technique_common>
            <accessor source="#FBXASC229FBXASC134FBXASC136-Normal0-array" count="186" stride="3">
              <param name="X" type="float"/>
              <param name="Y" type="float"/>
              <param name="Z" type="float"/>
            </accessor>
          </technique_common>
        </source>
        <source id="FBXASC229FBXASC134FBXASC136-UV0">
          <float_array id="FBXASC229FBXASC134FBXASC136-UV0-array" count="172">
0.450068 0.393573
0.444152 0.398952
0.445848 0.389282
0.359169 0.313787
0.324757 0.510647
0.239651 0.426646
0.204954 0.625336
0.119825 0.542271
0.000712 0.658668
0.085237 0.741058
0.365094 0.308355
1.000006 0.480651
-0.007885 0.480654
-0.007880 0.880808
1.000011 0.880806
0.999997 0.480654
-0.007034 0.480642
-0.007033 0.880805
0.999998 0.880817
1.000000 0.480657
0.001304 0.480658
0.001305 0.880815
1.000000 0.880814
0.284710 0.285960
0.120748 0.329900
0.000001 0.209153
0.280700 0.284360
1.000002 0.480656
-0.001248 0.480658
-0.001248 0.880816
1.000003 0.880814
1.000000 0.480656
-0.005140 0.480656
-0.005140 0.880814
1.000000 0.880814
0.085742 0.741551
0.999977 0.480656
0.767559 0.480656
0.767559 0.500569
0.767563 0.880814
0.999983 0.880814
0.107308 0.101838
0.120825 0.107288
0.135984 0.151189
0.168241 0.164066
0.044196 0.044204
0.052404 0.042004
0.062384 0.045915
0.077573 0.089848
1.000001 0.480655
0.683997 0.480656
-0.011190 0.480657
-0.011193 0.880803
0.683994 0.880802
0.999998 0.880802
0.227162 0.662730
0.234521 0.658482
0.382411 0.743877
0.230647 0.743861
0.243196 0.714358
0.222870 0.672552
0.999999 0.480666
0.749498 0.480666
-0.003629 0.480667
-0.003624 0.880821
0.684921 0.880821
1.000004 0.880820
0.382411 0.914635
0.232738 0.828211
0.245267 0.799034
0.224943 0.757272
-0.002835 0.880815
0.764640 0.880814
0.764640 0.483032
0.764640 0.480656
0.671030 0.480656
-0.002835 0.480657
0.178971 0.168350
0.193837 0.211943
0.236740 0.229017
0.251833 0.272848
0.235399 0.999492
0.249376 0.966975
0.229054 0.925309
0.247319 0.882901
0.227005 0.841563
</float_array>
          <technique_common>
            <accessor source="#FBXASC229FBXASC134FBXASC136-UV0-array" count="86" stride="2">
              <param name="S" type="float"/>
              <param name="T" type="float"/>
            </accessor>
          </technique_common>
        </source>
        <vertices id="FBXASC229FBXASC134FBXASC136-VERTEX">
          <input semantic="POSITION" source="#FBXASC229FBXASC134FBXASC136-POSITION"/>
        </vertices>
        <triangles count="62" material="FBXASC227FBXASC131FBXASC158FBXASC227FBXASC131FBXASC134FBXASC227FBXASC131FBXASC170FBXASC227FBXASC130FBXASC162FBXASC227FBXASC131FBXASC171">
          <input semantic="VERTEX" offset="0" source="#FBXASC229FBXASC134FBXASC136-VERTEX"/>
          <input semantic="NORMAL" offset="1" source="#FBXASC229FBXASC134FBXASC136-Normal0"/>
          <input semantic="TEXCOORD" offset="2" set="0" source="#FBXASC229FBXASC134FBXASC136-UV0"/>
          <p> 0 0 0 1 1 1 2 2 2 3 3 3 1 4 1 4 5 4 4 6 4 5 7 5 3 8 3 5 9 5 4 10 4 6 11 6 6 12 6 7 13 7 5 14 5 8 15 8 7 16 7 9 17 9 1 18 1 3 19 3 2 20 2 2 21 2 3 22 3 10 23 10 12 24 12 13 25 13 11 26 11 14 27 14 11 28 11 13 29 13 16 30 16 17 31 17 15 32 15 18 33 18 15 34 15 17 35 17 20 36 20 21 37 21 19 38 19 22 39 22 19 40 19 21 41 21 6 42 24 24 43 26 23 44 23 24 45 26 6 46 24 4 47 25 22 48 29 25 49 27 19 50 28 25 51 27 22 52 29 26 53 30 25 54 32 26 55 33 27 56 31 28 57 34 27 58 31 26 59 33 9 60 9 7 61 7 6 62 6 9 63 9 6 64 6 23 65 35 2 66 38 13 67 40 12 68 36 13 69 40 2 70 38 10 71 39 12 72 36 0 73 37 2 74 38 29 75 41 15 76 43 4 77 25 15 78 43 29 79 41 16 80 42 30 81 44 4 82 25 15 83 43 4 84 25 1 85 45 11 86 48 12 87 47 1 88 45 0 89 46 12 90 47 11 91 48 1 92 45 29 93 41 4 94 25 11 95 48 14 96 52 29 97 50 11 98 51 29 99 50 17 100 54 16 101 49 29 102 50 14 103 52 31 104 53 17 105 54 29 106 50 31 107 53 3 108 56 13 109 60 10 110 55 14 111 59 13 112 60 3 113 56 3 114 56 5 115 57 14 116 59 5 117 57 31 118 58 14 119 59 15 120 63 32 121 65 30 122 62 30 123 62 21 124 66 20 125 61 32 126 65 15 127 63 18 128 64 21 129 66 30 130 62 32 131 65 18 132 69 7 133 67 32 134 68 31 135 58 18 136 69 17 137 70 7 138 67 18 139 69 5 140 57 18 141 69 31 142 58 5 143 57 8 144 72 24 145 75 28 146 71 28 147 71 24 148 75 27 149 76 24 150 75 9 151 73 23 152 74 24 153 75 8 154 72 9 155 73 4 156 25 30 157 44 19 158 78 20 159 77 19 160 78 30 161 44 19 162 78 25 163 79 27 164 80 27 165 80 4 166 25 19 167 78 24 168 26 4 169 25 27 170 80 28 171 82 26 172 83 22 173 84 22 174 84 21 175 85 32 176 68 7 177 67 22 178 84 32 179 68 22 180 84 7 181 67 28 182 82 7 183 67 8 184 81 28 185 82</p>
        </triangles>
      </mesh>
    </geometry>
  </library_geometries>
  <library_animations>
    <animation id="polySurface1-anim" name="polySurface1">
      <animation>
        <source id="polySurface1-Matrix-animation-input">
          <float_array id="polySurface1-Matrix-animation-input-array" count="41">

0.000000 0.033333 0.066667 0.100000 0.133333 0.166667 0.200000 0.233333 0.266667 0.300000 0.333333 0.366667 0.400000 0.433333 0.466667 0.500000
0.533333 0.566667 0.600000 0.633333 0.666667 0.700000 0.733333 0.766667 0.800000 0.833333 0.866667 0.900000 0.933333 0.966667 1.000000 1.033333
1.066667 1.100000 1.133333 1.166667 1.200000 1.233333 1.266667 1.300000 1.333333</float_array>
          <technique_common>
            <accessor source="#polySurface1-Matrix-animation-input-array" count="41">
              <param name="TIME" type="float"/>
            </accessor>
          </technique_common>
        </source>
        <source id="polySurface1-Matrix-animation-output-transform">
          <float_array id="polySurface1-Matrix-animation-output-transform-array" count="656">

1.000000 0.000000 0.000000 0.000000 0.000000 1.000000 0.000000 0.000000 0.000000 0.000000 1.000000 -0.164058 0.000000 0.000000 0.000000 1.000000
1.000000 0.000000 0.000000 0.000000 0.000000 1.000000 0.000000 0.000000 0.000000 0.000000 1.000000 -0.164058 0.000000 0.000000 0.000000 1.000000
1.000000 0.000000 0.000000 0.000000 0.000000 1.000000 0.000000 0.000000 0.000000 0.000000 1.000000 -0.164058 0.000000 0.000000 0.000000 1.000000
1.000000 0.000000 0.000000 0.000000 0.000000 1.000000 0.000000 0.000000 0.000000 0.000000 1.000000 -0.164058 0.000000 0.000000 0.000000 1.000000
1.000000 0.000000 0.000000 0.000000 0.000000 1.000000 0.000000 0.000000 0.000000 0.000000 1.000000 -0.164058 0.000000 0.000000 0.000000 1.000000
1.000000 0.000000 0.000000 0.000000 0.000000 1.000000 0.000000 0.000000 0.000000 0.000000 1.000000 -0.164058 0.000000 0.000000 0.000000 1.000000
1.000000 0.000000 0.000000 0.000000 0.000000 1.000000 0.000000 0.000000 0.000000 0.000000 1.000000 -0.164058 0.000000 0.000000 0.000000 1.000000
1.000000 0.000000 0.000000 0.000000 0.000000 1.000000 0.000000 0.000000 0.000000 0.000000 1.000000 -0.164058 0.000000 0.000000 0.000000 1.000000
1.000000 0.000000 0.000000 0.000000 0.000000 1.000000 0.000000 0.000000 0.000000 0.000000 1.000000 -0.164058 0.000000 0.000000 0.000000 1.000000
1.000000 0.000000 0.000000 0.000000 0.000000 1.000000 0.000000 0.000000 0.000000 0.000000 1.000000 -0.164058 0.000000 0.000000 0.000000 1.000000
1.000000 0.000000 0.000000 0.000000 0.000000 1.000000 0.000000 0.000000 0.000000 0.000000 1.000000 -0.164058 0.000000 0.000000 0.000000 1.000000
0.999995 0.002959 -0.000968 0.479158 -0.002949 0.999944 0.010188 -6.973724 0.000999 -0.010185 0.999948 0.707128 0.000000 0.000000 0.000000 1.000000
0.999926 0.011673 -0.003441 1.747229 -0.011526 0.999139 0.039846 -27.139099 0.003903 -0.039803 0.999200 3.418065 0.000000 0.000000 0.000000 1.000000
0.999642 0.025982 -0.006329 3.400064 -0.025329 0.995836 0.087575 -59.190380 0.008578 -0.087384 0.996138 8.321177 0.000000 0.000000 0.000000 1.000000
0.998923 0.045693 -0.008053 4.891751 -0.043944 0.987439 0.151767 -101.590134 0.014886 -0.151249 0.988384 15.955575 0.000000 0.000000 0.000000 1.000000
0.997498 0.070374 -0.006674 5.614670 -0.066949 0.970795 0.230380 -152.559204 0.022692 -0.229356 0.973078 26.931185 0.000000 0.000000 0.000000 1.000000
0.995071 0.099161 -0.000056 4.989069 -0.093905 0.942505 0.320727 -210.075317 0.031856 -0.319141 0.947172 41.811050 0.000000 0.000000 0.000000 1.000000
0.991339 0.130590 0.013917 2.559800 -0.124350 0.899283 0.419317 -271.896881 0.042243 -0.417416 0.907733 60.998318 0.000000 0.000000 0.000000 1.000000
0.986009 0.162516 0.037081 -1.907096 -0.157801 0.838349 0.521795 -335.623993 0.053713 -0.520346 0.852264 84.636284 0.000000 0.000000 0.000000 1.000000
0.978819 0.192133 0.070696 -8.340160 -0.193753 0.757831 0.623018 -398.801849 0.066126 -0.623520 0.779006 112.531174 0.000000 0.000000 0.000000 1.000000
0.969551 0.216123 0.115160 -16.305998 -0.231680 0.657140 0.717281 -459.062714 0.079344 -0.722120 0.687202 144.108017 0.000000 0.000000 0.000000 1.000000
0.958043 0.230927 0.169783 -24.995789 -0.271040 0.537239 0.798694 -514.294128 0.093226 -0.811201 0.577288 178.407318 0.000000 0.000000 0.000000 1.000000
0.944201 0.233127 0.232671 -33.265724 -0.311287 0.400773 0.861674 -562.811401 0.107631 -0.886021 0.450980 214.127594 0.000000 0.000000 0.000000 1.000000
0.928007 0.219873 0.300764 -39.734848 -0.351876 0.252003 0.901487 -603.507935 0.122419 -0.942417 0.311228 249.711899 0.000000 0.000000 0.000000 1.000000
0.909521 0.189303 0.370047 -42.932045 -0.392273 0.096525 0.914770 -635.956116 0.137450 -0.977163 0.162050 283.470947 0.000000 0.000000 0.000000 1.000000
0.888886 0.140871 0.435932 -41.474606 -0.431972 -0.059202 0.899942 -660.434814 0.152584 -0.988256 0.008228 313.730743 0.000000 0.000000 0.000000 1.000000
0.866322 0.075519 0.493744 -34.250923 -0.470499 -0.208469 0.857422 -677.874817 0.167682 -0.975109 -0.145070 338.984558 0.000000 0.000000 0.000000 1.000000
0.842124 -0.004347 0.539266 -20.577759 -0.507427 -0.344985 0.789622 -689.721619 0.182606 -0.938598 -0.292726 358.033630 0.000000 0.000000 0.000000 1.000000
0.816655 -0.095082 0.569240 -0.305455 -0.542382 -0.463506 0.700702 -697.736328 0.197222 -0.880977 -0.430096 370.096436 0.000000 0.000000 0.000000 1.000000
0.790333 -0.192203 0.581749 26.146471 -0.575053 -0.560327 0.596111 -703.761047 0.211395 -0.805663 -0.553371 374.875336 0.000000 0.000000 0.000000 1.000000
0.763626 -0.290888 0.576420 57.828419 -0.605189 -0.633572 0.482009 -709.485779 0.224993 -0.716917 -0.659854 372.574432 0.000000 0.000000 0.000000 1.000000
0.737034 -0.386504 0.554433 93.364067 -0.632607 -0.683261 0.364642 -716.249329 0.237886 -0.619491 -0.748091 363.869232 0.000000 0.000000 0.000000 1.000000
0.711082 -0.475073 0.518332 131.098099 -0.657183 -0.711142 0.249775 -724.900757 0.249947 -0.518249 -0.817890 349.836212 0.000000 0.000000 0.000000 1.000000
0.686306 -0.553602 0.471708 169.260254 -0.678850 -0.720365 0.142256 -735.735962 0.261049 -0.417850 -0.870204 331.854340 0.000000 0.000000 0.000000 1.000000
0.663244 -0.620258 0.418791 206.118713 -0.697588 -0.715036 0.045761 -748.508118 0.271068 -0.322494 -0.906929 311.493896 0.000000 0.000000 0.000000 1.000000
0.642427 -0.674354 0.364053 240.099564 -0.713411 -0.699754 -0.037270 -762.502258 0.279881 -0.235776 -0.930632 290.405151 0.000000 0.000000 0.000000 1.000000
0.624367 -0.716182 0.311847 269.858948 -0.726351 -0.679177 -0.105514 -776.657043 0.287367 -0.160631 -0.944255 270.219147 0.000000 0.000000 0.000000 1.000000
0.609559 -0.746726 0.266154 294.303680 -0.736445 -0.657665 -0.158510 -789.711304 0.293404 -0.099386 -0.950808 252.465607 0.000000 0.000000 0.000000 1.000000
0.598468 -0.767298 0.230413 312.567291 -0.743713 -0.639024 -0.196313 -800.360779 0.297870 -0.053874 -0.953085 238.510391 0.000000 0.000000 0.000000 1.000000
0.591527 -0.779141 0.207446 323.954437 -0.748138 -0.626326 -0.219104 -807.408630 0.300642 -0.025592 -0.953394 229.506866 0.000000 0.000000 0.000000 1.000000
0.589133 -0.783041 0.199422 327.872833 -0.749642 -0.621768 -0.226807 -809.908752 0.301594 -0.015876 -0.953304 226.354294 0.000000 0.000000 0.000000 1.000000</float_array>
          <technique_common>
            <accessor source="#polySurface1-Matrix-animation-output-transform-array" count="41" stride="16">
              <param type="float4x4"/>
            </accessor>
          </technique_common>
        </source>
        <source id="polySurface1-Interpolations">
          <Name_array id="polySurface1-Interpolations-array" count="41">
 LINEAR LINEAR LINEAR LINEAR LINEAR LINEAR LINEAR LINEAR LINEAR LINEAR LINEAR
LINEAR LINEAR LINEAR LINEAR LINEAR LINEAR LINEAR LINEAR LINEAR LINEAR LINEAR LINEAR
LINEAR LINEAR LINEAR LINEAR LINEAR LINEAR LINEAR LINEAR LINEAR LINEAR LINEAR LINEAR
LINEAR LINEAR LINEAR LINEAR LINEAR LINEAR</Name_array>
          <technique_common>
            <accessor source="#polySurface1-Interpolations-array" count="41">
              <param type="name"/>
            </accessor>
          </technique_common>
        </source>
        <sampler id="polySurface1-Matrix-animation-transform">
          <input semantic="INPUT" source="#polySurface1-Matrix-animation-input"/>
          <input semantic="OUTPUT" source="#polySurface1-Matrix-animation-output-transform"/>
          <input semantic="INTERPOLATION" source="#polySurface1-Interpolations"/>
        </sampler>
        <channel source="#polySurface1-Matrix-animation-transform" target="polySurface1/matrix"/>
      </animation>
      <animation>
        <source id="polySurface1-visibility-animation-input">
          <float_array id="polySurface1-visibility-animation-input-array" count="3">

0.000000 0.333333 1.333333</float_array>
          <technique_common>
            <accessor source="#polySurface1-visibility-animation-input-array" count="3">
              <param name="TIME" type="float"/>
            </accessor>
          </technique_common>
        </source>
        <source id="polySurface1-visibility-animation-output">
          <float_array id="polySurface1-visibility-animation-output-array" count="3">

1.000000 1.000000 1.000000</float_array>
          <technique_common>
            <accessor source="#polySurface1-visibility-animation-output-array" count="3">
              <param type="float"/>
            </accessor>
          </technique_common>
        </source>
        <source id="polySurface1-visibility-animation-intan">
          <float_array id="polySurface1-visibility-animation-intan-array" count="3">

0.000000 0.000000 0.000000</float_array>
          <technique_common>
            <accessor source="#polySurface1-visibility-animation-intan-array" count="3">
              <param type="float"/>
            </accessor>
          </technique_common>
        </source>
        <source id="polySurface1-visibility-animation-outtan">
          <float_array id="polySurface1-visibility-animation-outtan-array" count="3">

0.000000 0.000000 0.000000</float_array>
          <technique_common>
            <accessor source="#polySurface1-visibility-animation-outtan-array" count="3">
              <param type="float"/>
            </accessor>
          </technique_common>
        </source>
        <source id="polySurface1-visibility-animation-interpolation">
          <Name_array id="polySurface1-visibility-animation-interpolation-array" count="3">
 STEP STEP STEP</Name_array>
          <technique_common>
            <accessor source="#polySurface1-visibility-animation-interpolation-array" count="3">
              <param type="name"/>
            </accessor>
          </technique_common>
        </source>
        <sampler id="polySurface1-visibility-animation">
          <input semantic="INPUT" source="#polySurface1-visibility-animation-input"/>
          <input semantic="OUTPUT" source="#polySurface1-visibility-animation-output"/>
          <input semantic="IN_TANGENT" source="#polySurface1-visibility-animation-intan"/>
          <input semantic="OUT_TANGENT" source="#polySurface1-visibility-animation-outtan"/>
          <input semantic="INTERPOLATION" source="#polySurface1-visibility-animation-interpolation"/>
        </sampler>
        <channel source="#polySurface1-visibility-animation" target="polySurface1/visibility"/>
      </animation>
    </animation>
    <animation id="FBXASC229FBXASC134FBXASC136-anim" name="FBXASC229FBXASC134FBXASC136">
      <animation>
        <source id="FBXASC229FBXASC134FBXASC136-Matrix-animation-input">
          <float_array id="FBXASC229FBXASC134FBXASC136-Matrix-animation-input-array" count="41">

0.000000 0.033333 0.066667 0.100000 0.133333 0.166667 0.200000 0.233333 0.266667 0.300000 0.333333 0.366667 0.400000 0.433333 0.466667 0.500000
0.533333 0.566667 0.600000 0.633333 0.666667 0.700000 0.733333 0.766667 0.800000 0.833333 0.866667 0.900000 0.933333 0.966667 1.000000 1.033333
1.066667 1.100000 1.133333 1.166667 1.200000 1.233333 1.266667 1.300000 1.333333</float_array>
          <technique_common>
            <accessor source="#FBXASC229FBXASC134FBXASC136-Matrix-animation-input-array" count="41">
              <param name="TIME" type="float"/>
            </accessor>
          </technique_common>
        </source>
        <source id="FBXASC229FBXASC134FBXASC136-Matrix-animation-output-transform">
          <float_array id="FBXASC229FBXASC134FBXASC136-Matrix-animation-output-transform-array" count="656">

1.000000 0.000000 0.000000 0.488620 0.000000 1.000000 0.000000 0.036697 0.000000 0.000000 1.000000 -1397.973022 0.000000 0.000000 0.000000 1.000000
1.000000 0.000000 0.000000 0.488620 0.000000 1.000000 0.000000 0.036697 0.000000 0.000000 1.000000 -1397.973022 0.000000 0.000000 0.000000 1.000000
1.000000 0.000000 0.000000 0.488620 0.000000 1.000000 0.000000 0.036697 0.000000 0.000000 1.000000 -1397.973022 0.000000 0.000000 0.000000 1.000000
1.000000 0.000000 0.000000 0.488620 0.000000 1.000000 0.000000 0.036697 0.000000 0.000000 1.000000 -1397.973022 0.000000 0.000000 0.000000 1.000000
1.000000 0.000000 0.000000 0.488620 0.000000 1.000000 0.000000 0.036697 0.000000 0.000000 1.000000 -1397.973022 0.000000 0.000000 0.000000 1.000000
1.000000 0.000000 0.000000 0.488620 0.000000 1.000000 0.000000 0.036697 0.000000 0.000000 1.000000 -1397.973022 0.000000 0.000000 0.000000 1.000000
1.000000 0.000000 0.000000 0.488620 0.000000 1.000000 0.000000 0.036697 0.000000 0.000000 1.000000 -1397.973022 0.000000 0.000000 0.000000 1.000000
1.000000 0.000000 0.000000 0.488620 0.000000 1.000000 0.000000 0.036697 0.000000 0.000000 1.000000 -1397.973022 0.000000 0.000000 0.000000 1.000000
1.000000 0.000000 0.000000 0.488620 0.000000 1.000000 0.000000 0.036697 0.000000 0.000000 1.000000 -1397.973022 0.000000 0.000000 0.000000 1.000000
