<?xml version="1.0" encoding="utf-8"?>
<COLLADA xmlns="http://www.collada.org/2005/11/COLLADASchema" version="1.4.1">
  <asset>
    <contributor>
      <author/>
      <authoring_tool>FBX COLLADA exporter</authoring_tool>
      <comments/>
    </contributor>
    <created>2023-10-31T05:08:58Z</created>
    <keywords/>
    <modified>2023-10-31T05:08:58Z</modified>
    <revision/>
    <subject/>
    <title/>
    <unit meter="0.010000" name="centimeter"/>
    <up_axis>Y_UP</up_axis>
  </asset>
  <library_animations>
    <animation id="Hips-anim" name="Hips">
      <animation>
        <source id="Hips-Matrix-animation-input">
          <float_array id="Hips-Matrix-animation-input-array" count="101">

0.000000 0.033333 0.066667 0.100000 0.133333 0.166667 0.200000 0.233333 0.266667 0.300000 0.333333 0.366667 0.400000 0.433333 0.466667 0.500000
0.533333 0.566667 0.600000 0.633333 0.666667 0.700000 0.733333 0.766667 0.800000 0.833333 0.866667 0.900000 0.933333 0.966667 1.000000 1.033333
1.066667 1.100000 1.133333 1.166667 1.200000 1.233333 1.266667 1.300000 1.333333 1.366667 1.400000 1.433333 1.466667 1.500000 1.533333 1.566667
1.600000 1.633333 1.666667 1.700000 1.733333 1.766667 1.800000 1.833333 1.866667 1.900000 1.933333 1.966667 2.000000 2.033333 2.066667 2.100000
2.133333 2.166667 2.200000 2.233333 2.266667 2.300000 2.333333 2.366667 2.400000 2.433333 2.466667 2.500000 2.533333 2.566667 2.600000 2.633333
2.666667 2.700000 2.733333 2.766667 2.800000 2.833333 2.866667 2.900000 2.933333 2.966667 3.000000 3.033333 3.066667 3.100000 3.133333 3.166667
3.200000 3.233333 3.266667 3.300000 3.333333</float_array>
          <technique_common>
            <accessor source="#Hips-Matrix-animation-input-array" count="101">
              <param name="TIME" type="float"/>
            </accessor>
          </technique_common>
        </source>
        <source id="Hips-Matrix-animation-output-transform">
          <float_array id="Hips-Matrix-animation-output-transform-array" count="1616">

1.000000 0.000000 0.000000 0.025997 0.000000 0.171386 -0.985204 15.517756 0.000000 0.985204 0.171386 -6.973806 0.000000 0.000000 0.000000 1.000000
1.000000 0.000000 0.000000 0.025997 0.000000 0.172846 -0.984949 15.517756 0.000000 0.984949 0.172846 -6.973806 0.000000 0.000000 0.000000 1.000000
1.000000 0.000000 0.000000 0.025997 0.000000 0.176807 -0.984245 15.517756 0.000000 0.984245 0.176807 -6.973806 0.000000 0.000000 0.000000 1.000000
1.000000 0.000000 0.000000 0.025997 0.000000 0.182640 -0.983180 15.517756 0.000000 0.983180 0.182640 -6.973806 0.000000 0.000000 0.000000 1.000000
1.000000 0.000000 0.000000 0.025997 0.000000 0.189714 -0.981839 15.517756 0.000000 0.981839 0.189714 -6.973806 0.000000 0.000000 0.000000 1.000000
1.000000 0.000000 0.000000 0.025997 0.000000 0.197401 -0.980323 15.517756 0.000000 0.980323 0.197401 -6.973806 0.000000 0.000000 0.000000 1.000000
1.000000 0.000000 0.000000 0.025997 0.000000 0.205076 -0.978746 15.517756 0.000000 0.978746 0.205076 -6.973806 0.000000 0.000000 0.000000 1.000000
1.000000 0.000000 0.000000 0.025997 0.000000 0.212117 -0.977244 15.517756 0.000000 0.977244 0.212117 -6.973806 0.000000 0.000000 0.000000 1.000000
1.000000 0.000000 0.000000 0.025997 0.000000 0.217908 -0.975969 15.517756 0.000000 0.975969 0.217908 -6.973806 0.000000 0.000000 0.000000 1.000000
1.000000 0.000000 0.000000 0.025997 0.000000 0.221833 -0.975085 15.517756 0.000000 0.975085 0.221833 -6.973806 0.000000 0.000000 0.000000 1.000000
1.000000 0.000000 0.000000 0.025997 0.000000 0.223278 -0.974755 15.517756 0.000000 0.974755 0.223278 -6.973806 0.000000 0.000000 0.000000 1.000000
1.000000 0.000000 0.000000 0.025997 0.000000 0.221833 -0.975085 15.517756 0.000000 0.975085 0.221833 -6.973806 0.000000 0.000000 0.000000 1.000000
1.000000 0.000000 0.000000 0.025997 0.000000 0.217908 -0.975969 15.517756 0.000000 0.975969 0.217908 -6.973806 0.000000 0.000000 0.000000 1.000000
1.000000 0.000000 0.000000 0.025997 0.000000 0.212117 -0.977244 15.517756 0.000000 0.977244 0.212117 -6.973806 0.000000 0.000000 0.000000 1.000000
1.000000 0.000000 0.000000 0.025997 0.000000 0.205076 -0.978746 15.517756 0.000000 0.978746 0.205076 -6.973806 0.000000 0.000000 0.000000 1.000000
1.000000 0.000000 0.000000 0.025997 0.000000 0.197401 -0.980323 15.517756 0.000000 0.980323 0.197401 -6.973806 0.000000 0.000000 0.000000 1.000000
1.000000 0.000000 0.000000 0.025997 0.000000 0.189714 -0.981839 15.517756 0.000000 0.981839 0.189714 -6.973806 0.000000 0.000000 0.000000 1.000000
1.000000 0.000000 0.000000 0.025997 0.000000 0.182640 -0.983180 15.517756 0.000000 0.983180 0.182640 -6.973806 0.000000 0.000000 0.000000 1.000000
1.000000 0.000000 0.000000 0.025997 0.000000 0.176807 -0.984245 15.517756 0.000000 0.984245 0.176807 -6.973806 0.000000 0.000000 0.000000 1.000000
1.000000 0.000000 0.000000 0.025997 0.000000 0.172846 -0.984949 15.517756 0.000000 0.984949 0.172846 -6.973806 0.000000 0.000000 0.000000 1.000000
1.000000 0.000000 0.000000 0.025997 0.000000 0.171386 -0.985204 15.517756 0.000000 0.985204 0.171386 -6.973806 0.000000 0.000000 0.000000 1.000000
1.000000 0.000000 0.000000 0.025997 0.000000 0.172050 -0.985088 15.517756 0.000000 0.985088 0.172050 -6.973806 0.000000 0.000000 0.000000 1.000000
1.000000 0.000000 0.000000 0.025997 0.000000 0.173919 -0.984760 15.517756 0.000000 0.984760 0.173919 -6.973806 0.000000 0.000000 0.000000 1.000000
1.000000 0.000000 0.000000 0.025997 0.000000 0.176807 -0.984245 15.517756 0.000000 0.984245 0.176807 -6.973806 0.000000 0.000000 0.000000 1.000000
1.000000 0.000000 0.000000 0.025997 0.000000 0.180527 -0.983570 15.517756 0.000000 0.983570 0.180527 -6.973806 0.000000 0.000000 0.000000 1.000000
1.000000 0.000000 0.000000 0.025997 0.000000 0.184891 -0.982759 15.517756 0.000000 0.982759 0.184891 -6.973806 0.000000 0.000000 0.000000 1.000000
1.000000 0.000000 0.000000 0.025997 0.000000 0.189714 -0.981839 15.517756 0.000000 0.981839 0.189714 -6.973806 0.000000 0.000000 0.000000 1.000000
1.000000 0.000000 0.000000 0.025997 0.000000 0.194809 -0.980841 15.517756 0.000000 0.980841 0.194809 -6.973806 0.000000 0.000000 0.000000 1.000000
1.000000 0.000000 0.000000 0.025997 0.000000 0.199991 -0.979798 15.517756 0.000000 0.979798 0.199991 -6.973806 0.000000 0.000000 0.000000 1.000000
1.000000 0.000000 0.000000 0.025997 0.000000 0.205076 -0.978746 15.517756 0.000000 0.978746 0.205076 -6.973806 0.000000 0.000000 0.000000 1.000000
1.000000 0.000000 0.000000 0.025997 0.000000 0.209879 -0.977727 15.517756 0.000000 0.977727 0.209879 -6.973806 0.000000 0.000000 0.000000 1.000000
1.000000 0.000000 0.000000 0.025997 0.000000 0.214217 -0.976786 15.517756 0.000000 0.976786 0.214217 -6.973806 0.000000 0.000000 0.000000 1.000000
1.000000 0.000000 0.000000 0.025997 0.000000 0.217908 -0.975969 15.517756 0.000000 0.975969 0.217908 -6.973806 0.000000 0.000000 0.000000 1.000000
1.000000 0.000000 0.000000 0.025997 0.000000 0.220770 -0.975326 15.517756 0.000000 0.975326 0.220770 -6.973806 0.000000 0.000000 0.000000 1.000000
1.000000 0.000000 0.000000 0.025997 0.000000 0.222620 -0.974905 15.517756 0.000000 0.974905 0.222620 -6.973806 0.000000 0.000000 0.000000 1.000000
1.000000 0.000000 0.000000 0.025997 0.000000 0.223278 -0.974755 15.517756 0.000000 0.974755 0.223278 -6.973806 0.000000 0.000000 0.000000 1.000000
1.000000 0.000000 0.000000 0.025997 0.000000 0.222620 -0.974905 15.517756 0.000000 0.974905 0.222620 -6.973806 0.000000 0.000000 0.000000 1.000000
1.000000 0.000000 0.000000 0.025997 0.000000 0.220770 -0.975326 15.517756 0.000000 0.975326 0.220770 -6.973806 0.000000 0.000000 0.000000 1.000000
1.000000 0.000000 0.000000 0.025997 0.000000 0.217908 -0.975969 15.517756 0.000000 0.975969 0.217908 -6.973806 0.000000 0.000000 0.000000 1.000000
1.000000 0.000000 0.000000 0.025997 0.000000 0.214217 -0.976786 15.517756 0.000000 0.976786 0.214217 -6.973806 0.000000 0.000000 0.000000 1.000000
1.000000 0.000000 0.000000 0.025997 0.000000 0.209879 -0.977727 15.517756 0.000000 0.977727 0.209879 -6.973806 0.000000 0.000000 0.000000 1.000000
1.000000 0.000000 0.000000 0.025997 0.000000 0.205076 -0.978746 15.517756 0.000000 0.978746 0.205076 -6.973806 0.000000 0.000000 0.000000 1.000000
1.000000 0.000000 0.000000 0.025997 0.000000 0.199991 -0.979798 15.517756 0.000000 0.979798 0.199991 -6.973806 0.000000 0.000000 0.000000 1.000000
1.000000 0.000000 0.000000 0.025997 0.000000 0.194809 -0.980841 15.517756 0.000000 0.980841 0.194809 -6.973806 0.000000 0.000000 0.000000 1.000000
1.000000 0.000000 0.000000 0.025997 0.000000 0.189714 -0.981839 15.517756 0.000000 0.981839 0.189714 -6.973806 0.000000 0.000000 0.000000 1.000000
1.000000 0.000000 0.000000 0.025997 0.000000 0.184891 -0.982759 15.517756 0.000000 0.982759 0.184891 -6.973806 0.000000 0.000000 0.000000 1.000000
1.000000 0.000000 0.000000 0.025997 0.000000 0.180527 -0.983570 15.517756 0.000000 0.983570 0.180527 -6.973806 0.000000 0.000000 0.000000 1.000000
1.000000 0.000000 0.000000 0.025997 0.000000 0.176807 -0.984245 15.517756 0.000000 0.984245 0.176807 -6.973806 0.000000 0.000000 0.000000 1.000000
1.000000 0.000000 0.000000 0.025997 0.000000 0.173919 -0.984760 15.517756 0.000000 0.984760 0.173919 -6.973806 0.000000 0.000000 0.000000 1.000000
1.000000 0.000000 0.000000 0.025997 0.000000 0.172050 -0.985088 15.517756 0.000000 0.985088 0.172050 -6.973806 0.000000 0.000000 0.000000 1.000000
1.000000 0.000000 0.000000 0.025997 0.000000 0.171386 -0.985204 15.517756 0.000000 0.985204 0.171386 -6.973806 0.000000 0.000000 0.000000 1.000000
1.000000 0.000000 0.000000 0.025997 0.000000 0.172846 -0.984949 15.517756 0.000000 0.984949 0.172846 -6.973806 0.000000 0.000000 0.000000 1.000000
1.000000 0.000000 0.000000 0.025997 0.000000 0.176807 -0.984245 15.517756 0.000000 0.984245 0.176807 -6.973806 0.000000 0.000000 0.000000 1.000000
1.000000 0.000000 0.000000 0.025997 0.000000 0.182640 -0.983180 15.517756 0.000000 0.983180 0.182640 -6.973806 0.000000 0.000000 0.000000 1.000000
1.000000 0.000000 0.000000 0.025997 0.000000 0.189714 -0.981839 15.517756 0.000000 0.981839 0.189714 -6.973806 0.000000 0.000000 0.000000 1.000000
1.000000 0.000000 0.000000 0.025997 0.000000 0.197401 -0.980323 15.517756 0.000000 0.980323 0.197401 -6.973806 0.000000 0.000000 0.000000 1.000000
1.000000 0.000000 0.000000 0.025997 0.000000 0.205076 -0.978746 15.517756 0.000000 0.978746 0.205076 -6.973806 0.000000 0.000000 0.000000 1.000000
1.000000 0.000000 0.000000 0.025997 0.000000 0.212117 -0.977244 15.517756 0.000000 0.977244 0.212117 -6.973806 0.000000 0.000000 0.000000 1.000000
1.000000 0.000000 0.000000 0.025997 0.000000 0.217908 -0.975969 15.517756 0.000000 0.975969 0.217908 -6.973806 0.000000 0.000000 0.000000 1.000000
1.000000 0.000000 0.000000 0.025997 0.000000 0.221833 -0.975085 15.517756 0.000000 0.975085 0.221833 -6.973806 0.000000 0.000000 0.000000 1.000000
1.000000 0.000000 0.000000 0.025997 0.000000 0.223278 -0.974755 15.517756 0.000000 0.974755 0.223278 -6.973806 0.000000 0.000000 0.000000 1.000000
1.000000 0.000000 0.000000 0.025997 0.000000 0.221833 -0.975085 15.517756 0.000000 0.975085 0.221833 -6.973806 0.000000 0.000000 0.000000 1.000000
1.000000 0.000000 0.000000 0.025997 0.000000 0.217908 -0.975969 15.517756 0.000000 0.975969 0.217908 -6.973806 0.000000 0.000000 0.000000 1.000000
1.000000 0.000000 0.000000 0.025997 0.000000 0.212117 -0.977244 15.517756 0.000000 0.977244 0.212117 -6.973806 0.000000 0.000000 0.000000 1.000000
1.000000 0.000000 0.000000 0.025997 0.000000 0.205076 -0.978746 15.517756 0.000000 0.978746 0.205076 -6.973806 0.000000 0.000000 0.000000 1.000000
1.000000 0.000000 0.000000 0.025997 0.000000 0.197401 -0.980323 15.517756 0.000000 0.980323 0.197401 -6.973806 0.000000 0.000000 0.000000 1.000000
1.000000 0.000000 0.000000 0.025997 0.000000 0.189714 -0.981839 15.517756 0.000000 0.981839 0.189714 -6.973806 0.000000 0.000000 0.000000 1.000000
1.000000 0.000000 0.000000 0.025997 0.000000 0.182640 -0.983180 15.517756 0.000000 0.983180 0.182640 -6.973806 0.000000 0.000000 0.000000 1.000000
1.000000 0.000000 0.000000 0.025997 0.000000 0.176807 -0.984245 15.517756 0.000000 0.984245 0.176807 -6.973806 0.000000 0.000000 0.000000 1.000000
1.000000 0.000000 0.000000 0.025997 0.000000 0.172846 -0.984949 15.517756 0.000000 0.984949 0.172846 -6.973806 0.000000 0.000000 0.000000 1.000000
1.000000 0.000000 0.000000 0.025997 0.000000 0.171386 -0.985204 15.517756 0.000000 0.985204 0.171386 -6.973806 0.000000 0.000000 0.000000 1.000000
1.000000 0.000000 0.000000 0.025997 0.000000 0.172050 -0.985088 15.517756 0.000000 0.985088 0.172050 -6.973806 0.000000 0.000000 0.000000 1.000000
1.000000 0.000000 0.000000 0.025997 0.000000 0.173919 -0.984760 15.517756 0.000000 0.984760 0.173919 -6.973806 0.000000 0.000000 0.000000 1.000000
1.000000 0.000000 0.000000 0.025997 0.000000 0.176807 -0.984245 15.517756 0.000000 0.984245 0.176807 -6.973806 0.000000 0.000000 0.000000 1.000000
1.000000 0.000000 0.000000 0.025997 0.000000 0.180527 -0.983570 15.517756 0.000000 0.983570 0.180527 -6.973806 0.000000 0.000000 0.000000 1.000000
1.000000 0.000000 0.000000 0.025997 0.000000 0.184891 -0.982759 15.517756 0.000000 0.982759 0.184891 -6.973806 0.000000 0.000000 0.000000 1.000000
1.000000 0.000000 0.000000 0.025997 0.000000 0.189714 -0.981839 15.517756 0.000000 0.981839 0.189714 -6.973806 0.000000 0.000000 0.000000 1.000000
1.000000 0.000000 0.000000 0.025997 0.000000 0.194809 -0.980841 15.517756 0.000000 0.980841 0.194809 -6.973806 0.000000 0.000000 0.000000 1.000000
1.000000 0.000000 0.000000 0.025997 0.000000 0.199991 -0.979798 15.517756 0.000000 0.979798 0.199991 -6.973806 0.000000 0.000000 0.000000 1.000000
1.000000 0.000000 0.000000 0.025997 0.000000 0.205076 -0.978746 15.517756 0.000000 0.978746 0.205076 -6.973806 0.000000 0.000000 0.000000 1.000000
1.000000 0.000000 0.000000 0.025997 0.000000 0.209879 -0.977727 15.517756 0.000000 0.977727 0.209879 -6.973806 0.000000 0.000000 0.000000 1.000000
1.000000 0.000000 0.000000 0.025997 0.000000 0.214217 -0.976786 15.517756 0.000000 0.976786 0.214217 -6.973806 0.000000 0.000000 0.000000 1.000000
1.000000 0.000000 0.000000 0.025997 0.000000 0.217908 -0.975969 15.517756 0.000000 0.975969 0.217908 -6.973806 0.000000 0.000000 0.000000 1.000000
1.000000 0.000000 0.000000 0.025997 0.000000 0.220770 -0.975326 15.517756 0.000000 0.975326 0.220770 -6.973806 0.000000 0.000000 0.000000 1.000000
1.000000 0.000000 0.000000 0.025997 0.000000 0.222620 -0.974905 15.517756 0.000000 0.974905 0.222620 -6.973806 0.000000 0.000000 0.000000 1.000000
1.000000 0.000000 0.000000 0.025997 0.000000 0.223278 -0.974755 15.517756 0.000000 0.974755 0.223278 -6.973806 0.000000 0.000000 0.000000 1.000000
1.000000 0.000000 0.000000 0.025997 0.000000 0.222620 -0.974905 15.517756 0.000000 0.974905 0.222620 -6.973806 0.000000 0.000000 0.000000 1.000000
1.000000 0.000000 0.000000 0.025997 0.000000 0.220770 -0.975326 15.517756 0.000000 0.975326 0.220770 -6.973806 0.000000 0.000000 0.000000 1.000000
1.000000 0.000000 0.000000 0.025997 0.000000 0.217908 -0.975969 15.517756 0.000000 0.975969 0.217908 -6.973806 0.000000 0.000000 0.000000 1.000000
1.000000 0.000000 0.000000 0.025997 0.000000 0.214217 -0.976786 15.517756 0.000000 0.976786 0.214217 -6.973806 0.000000 0.000000 0.000000 1.000000
1.000000 0.000000 0.000000 0.025997 0.000000 0.209879 -0.977727 15.517756 0.000000 0.977727 0.209879 -6.973806 0.000000 0.000000 0.000000 1.000000
1.000000 0.000000 0.000000 0.025997 0.000000 0.205076 -0.978746 15.517756 0.000000 0.978746 0.205076 -6.973806 0.000000 0.000000 0.000000 1.000000
1.000000 0.000000 0.000000 0.025997 0.000000 0.199991 -0.979798 15.517756 0.000000 0.979798 0.199991 -6.973806 0.000000 0.000000 0.000000 1.000000
1.000000 0.000000 0.000000 0.025997 0.000000 0.194809 -0.980841 15.517756 0.000000 0.980841 0.194809 -6.973806 0.000000 0.000000 0.000000 1.000000
1.000000 0.000000 0.000000 0.025997 0.000000 0.189714 -0.981839 15.517756 0.000000 0.981839 0.189714 -6.973806 0.000000 0.000000 0.000000 1.000000
1.000000 0.000000 0.000000 0.025997 0.000000 0.184891 -0.982759 15.517756 0.000000 0.982759 0.184891 -6.973806 0.000000 0.000000 0.000000 1.000000
1.000000 0.000000 0.000000 0.025997 0.000000 0.180527 -0.983570 15.517756 0.000000 0.983570 0.180527 -6.973806 0.000000 0.000000 0.000000 1.000000
1.000000 0.000000 0.000000 0.025997 0.000000 0.176807 -0.984245 15.517756 0.000000 0.984245 0.176807 -6.973806 0.000000 0.000000 0.000000 1.000000
1.000000 0.000000 0.000000 0.025997 0.000000 0.173919 -0.984760 15.517756 0.000000 0.984760 0.173919 -6.973806 0.000000 0.000000 0.000000 1.000000
1.000000 0.000000 0.000000 0.025997 0.000000 0.172050 -0.985088 15.517756 0.000000 0.985088 0.172050 -6.973806 0.000000 0.000000 0.000000 1.000000
1.000000 0.000000 0.000000 0.025997 0.000000 0.171386 -0.985204 15.517756 0.000000 0.985204 0.171386 -6.973806 0.000000 0.000000 0.000000 1.000000</float_array>
          <technique_common>
            <accessor source="#Hips-Matrix-animation-output-transform-array" count="101" stride="16">
              <param type="float4x4"/>
            </accessor>
          </technique_common>
        </source>
        <source id="Hips-Interpolations">
          <Name_array id="Hips-Interpolations-array" count="101">
 LINEAR LINEAR LINEAR LINEAR LINEAR LINEAR LINEAR LINEAR LINEAR LINEAR LINEAR
LINEAR LINEAR LINEAR LINEAR LINEAR LINEAR LINEAR LINEAR LINEAR LINEAR LINEAR LINEAR
LINEAR LINEAR LINEAR LINEAR LINEAR LINEAR LINEAR LINEAR LINEAR LINEAR LINEAR LINEAR
LINEAR LINEAR LINEAR LINEAR LINEAR LINEAR LINEAR LINEAR LINEAR LINEAR LINEAR LINEAR
LINEAR LINEAR LINEAR LINEAR LINEAR LINEAR LINEAR LINEAR LINEAR LINEAR LINEAR LINEAR
LINEAR LINEAR LINEAR LINEAR LINEAR LINEAR LINEAR LINEAR LINEAR LINEAR LINEAR LINEAR
LINEAR LINEAR LINEAR LINEAR LINEAR LINEAR LINEAR LINEAR LINEAR LINEAR LINEAR LINEAR
LINEAR LINEAR LINEAR LINEAR LINEAR LINEAR LINEAR LINEAR LINEAR LINEAR LINEAR LINEAR
LINEAR LINEAR LINEAR LINEAR LINEAR LINEAR</Name_array>
          <technique_common>
            <accessor source="#Hips-Interpolations-array" count="101">
              <param type="name"/>
            </accessor>
          </technique_common>
        </source>
        <sampler id="Hips-Matrix-animation-transform">
          <input semantic="INPUT" source="#Hips-Matrix-animation-input"/>
          <input semantic="OUTPUT" source="#Hips-Matrix-animation-output-transform"/>
          <input semantic="INTERPOLATION" source="#Hips-Interpolations"/>
        </sampler>
        <channel source="#Hips-Matrix-animation-transform" target="Hips/matrix"/>
      </animation>
      <animation>
        <source id="Hips-visibility-animation-input">
          <float_array id="Hips-visibility-animation-input-array" count="9">

0.000000 0.333333 0.666667 1.166667 1.666667 2.000000 2.333333 2.833333 3.333333</float_array>
          <technique_common>
            <accessor source="#Hips-visibility-animation-input-array" count="9">
              <param name="TIME" type="float"/>
            </accessor>
          </technique_common>
        </source>
        <source id="Hips-visibility-animation-output">
          <float_array id="Hips-visibility-animation-output-array" count="9">

1.000000 1.000000 1.000000 1.000000 1.000000 1.000000 1.000000 1.000000 1.000000</float_array>
          <technique_common>
            <accessor source="#Hips-visibility-animation-output-array" count="9">
              <param type="float"/>
            </accessor>
          </technique_common>
        </source>
        <source id="Hips-visibility-animation-intan">
          <float_array id="Hips-visibility-animation-intan-array" count="9">

0.000000 0.000000 0.000000 0.000000 0.000000 0.000000 0.000000 0.000000 0.000000</float_array>
          <technique_common>
            <accessor source="#Hips-visibility-animation-intan-array" count="9">
              <param type="float"/>
            </accessor>
          </technique_common>
        </source>
        <source id="Hips-visibility-animation-outtan">
          <float_array id="Hips-visibility-animation-outtan-array" count="9">

0.000000 0.000000 0.000000 0.000000 0.000000 0.000000 0.000000 0.000000 0.000000</float_array>
          <technique_common>
            <accessor source="#Hips-visibility-animation-outtan-array" count="9">
              <param type="float"/>
            </accessor>
          </technique_common>
        </source>
        <source id="Hips-visibility-animation-interpolation">
          <Name_array id="Hips-visibility-animation-interpolation-array" count="9">
 STEP STEP STEP STEP STEP STEP STEP STEP STEP</Name_array>
          <technique_common>
            <accessor source="#Hips-visibility-animation-interpolation-array" count="9">
              <param type="name"/>
            </accessor>
          </technique_common>
        </source>
        <sampler id="Hips-visibility-animation">
          <input semantic="INPUT" source="#Hips-visibility-animation-input"/>
          <input semantic="OUTPUT" source="#Hips-visibility-animation-output"/>
          <input semantic="IN_TANGENT" source="#Hips-visibility-animation-intan"/>
          <input semantic="OUT_TANGENT" source="#Hips-visibility-animation-outtan"/>
          <input semantic="INTERPOLATION" source="#Hips-visibility-animation-interpolation"/>
        </sampler>
        <channel source="#Hips-visibility-animation" target="Hips/visibility"/>
      </animation>
    </animation>
    <animation id="Spine1-anim" name="Spine1">
      <animation>
        <source id="Spine1-Matrix-animation-input">
          <float_array id="Spine1-Matrix-animation-input-array" count="101">

0.000000 0.033333 0.066667 0.100000 0.133333 0.166667 0.200000 0.233333 0.266667 0.300000 0.333333 0.366667 0.400000 0.433333 0.466667 0.500000
0.533333 0.566667 0.600000 0.633333 0.666667 0.700000 0.733333 0.766667 0.800000 0.833333 0.866667 0.900000 0.933333 0.966667 1.000000 1.033333
1.066667 1.100000 1.133333 1.166667 1.200000 1.233333 1.266667 1.300000 1.333333 1.366667 1.400000 1.433333 1.466667 1.500000 1.533333 1.566667
1.600000 1.633333 1.666667 1.700000 1.733333 1.766667 1.800000 1.833333 1.866667 1.900000 1.933333 1.966667 2.000000 2.033333 2.066667 2.100000
2.133333 2.166667 2.200000 2.233333 2.266667 2.300000 2.333333 2.366667 2.400000 2.433333 2.466667 2.500000 2.533333 2.566667 2.600000 2.633333
2.666667 2.700000 2.733333 2.766667 2.800000 2.833333 2.866667 2.900000 2.933333 2.966667 3.000000 3.033333 3.066667 3.100000 3.133333 3.166667
3.200000 3.233333 3.266667 3.300000 3.333333</float_array>
          <technique_common>
            <accessor source="#Spine1-Matrix-animation-input-array" count="101">
              <param name="TIME" type="float"/>
            </accessor>
          </technique_common>
        </source>
        <source id="Spine1-Matrix-animation-output-transform">
          <float_array id="Spine1-Matrix-animation-output-transform-array" count="1616">

1.000000 0.000000 0.000000 0.000000 0.000000 0.995982 -0.089551 7.693675 0.000000 0.089551 0.995982 0.000000 0.000000 0.000000 0.000000 1.000000
1.000000 0.000000 0.000000 0.000000 0.000000 0.995894 -0.090527 7.693675 0.000000 0.090527 0.995894 0.000000 0.000000 0.000000 0.000000 1.000000
1.000000 0.000000 0.000000 0.000000 0.000000 0.995650 -0.093176 7.693675 0.000000 0.093176 0.995650 0.000000 0.000000 0.000000 0.000000 1.000000
1.000000 0.000000 0.000000 0.000000 0.000000 0.995277 -0.097078 7.693675 0.000000 0.097078 0.995277 0.000000 0.000000 0.000000 0.000000 1.000000
1.000000 0.000000 0.000000 0.000000 0.000000 0.994803 -0.101815 7.693675 0.000000 0.101815 0.994803 0.000000 0.000000 0.000000 0.000000 1.000000
1.000000 0.000000 0.000000 0.000000 0.000000 0.994263 -0.106967 7.693675 0.000000 0.106967 0.994263 0.000000 0.000000 0.000000 0.000000 1.000000
1.000000 0.000000 0.000000 0.000000 0.000000 0.993695 -0.112116 7.693675 0.000000 0.112116 0.993695 0.000000 0.000000 0.000000 0.000000 1.000000
1.000000 0.000000 0.000000 0.000000 0.000000 0.993150 -0.116845 7.693675 0.000000 0.116845 0.993150 -0.000000 0.000000 0.000000 0.000000 1.000000
1.000000 0.000000 0.000000 0.000000 0.000000 0.992684 -0.120738 7.693675 0.000000 0.120738 0.992684 0.000000 0.000000 0.000000 0.000000 1.000000
1.000000 0.000000 0.000000 0.000000 0.000000 0.992360 -0.123378 7.693675 0.000000 0.123378 0.992360 -0.000000 0.000000 0.000000 0.000000 1.000000
1.000000 0.000000 0.000000 0.000000 0.000000 0.992238 -0.124351 7.693675 0.000000 0.124351 0.992238 0.000000 0.000000 0.000000 0.000000 1.000000
1.000000 0.000000 0.000000 0.000000 0.000000 0.992360 -0.123378 7.693675 0.000000 0.123378 0.992360 -0.000000 0.000000 0.000000 0.000000 1.000000
1.000000 0.000000 0.000000 0.000000 0.000000 0.992684 -0.120738 7.693675 0.000000 0.120738 0.992684 0.000000 0.000000 0.000000 0.000000 1.000000
1.000000 0.000000 0.000000 0.000000 0.000000 0.993150 -0.116845 7.693675 0.000000 0.116845 0.993150 -0.000000 0.000000 0.000000 0.000000 1.000000
1.000000 0.000000 0.000000 0.000000 0.000000 0.993695 -0.112116 7.693675 0.000000 0.112116 0.993695 0.000000 0.000000 0.000000 0.000000 1.000000
1.000000 0.000000 0.000000 0.000000 0.000000 0.994263 -0.106967 7.693675 0.000000 0.106967 0.994263 0.000000 0.000000 0.000000 0.000000 1.000000
1.000000 0.000000 0.000000 0.000000 0.000000 0.994803 -0.101815 7.693675 0.000000 0.101815 0.994803 0.000000 0.000000 0.000000 0.000000 1.000000
1.000000 0.000000 0.000000 0.000000 0.000000 0.995277 -0.097078 7.693675 0.000000 0.097078 0.995277 0.000000 0.000000 0.000000 0.000000 1.000000
1.000000 0.000000 0.000000 0.000000 0.000000 0.995650 -0.093176 7.693675 0.000000 0.093176 0.995650 0.000000 0.000000 0.000000 0.000000 1.000000
1.000000 0.000000 0.000000 0.000000 0.000000 0.995894 -0.090527 7.693675 0.000000 0.090527 0.995894 0.000000 0.000000 0.000000 0.000000 1.000000
1.000000 0.000000 0.000000 0.000000 0.000000 0.995982 -0.089551 7.693675 0.000000 0.089551 0.995982 0.000000 0.000000 0.000000 0.000000 1.000000
1.000000 0.000000 0.000000 0.000000 0.000000 0.995942 -0.089995 7.693675 0.000000 0.089995 0.995942 0.000000 0.000000 0.000000 0.000000 1.000000
1.000000 0.000000 0.000000 0.000000 0.000000 0.995828 -0.091245 7.693675 0.000000 0.091245 0.995828 0.000000 0.000000 0.000000 0.000000 1.000000
1.000000 0.000000 0.000000 0.000000 0.000000 0.995650 -0.093176 7.693675 0.000000 0.093176 0.995650 0.000000 0.000000 0.000000 0.000000 1.000000
1.000000 0.000000 0.000000 0.000000 0.000000 0.995414 -0.095664 7.693675 0.000000 0.095664 0.995414 -0.000000 0.000000 0.000000 0.000000 1.000000
1.000000 0.000000 0.000000 0.000000 0.000000 0.995129 -0.098585 7.693675 0.000000 0.098585 0.995129 0.000000 0.000000 0.000000 0.000000 1.000000
1.000000 0.000000 0.000000 0.000000 0.000000 0.994803 -0.101815 7.693675 0.000000 0.101815 0.994803 0.000000 0.000000 0.000000 0.000000 1.000000
1.000000 0.000000 0.000000 0.000000 0.000000 0.994448 -0.105229 7.693675 0.000000 0.105229 0.994448 -0.000000 0.000000 0.000000 0.000000 1.000000
1.000000 0.000000 0.000000 0.000000 0.000000 0.994074 -0.108704 7.693675 0.000000 0.108704 0.994074 0.000000 0.000000 0.000000 0.000000 1.000000
1.000000 0.000000 0.000000 0.000000 0.000000 0.993695 -0.112116 7.693675 0.000000 0.112116 0.993695 0.000000 0.000000 0.000000 0.000000 1.000000
1.000000 0.000000 0.000000 0.000000 0.000000 0.993326 -0.115341 7.693675 0.000000 0.115341 0.993326 0.000000 0.000000 0.000000 0.000000 1.000000
1.000000 0.000000 0.000000 0.000000 0.000000 0.992983 -0.118256 7.693675 0.000000 0.118256 0.992983 0.000000 0.000000 0.000000 0.000000 1.000000
1.000000 0.000000 0.000000 0.000000 0.000000 0.992684 -0.120738 7.693675 0.000000 0.120738 0.992684 0.000000 0.000000 0.000000 0.000000 1.000000
1.000000 0.000000 0.000000 0.000000 0.000000 0.992448 -0.122663 7.693675 0.000000 0.122663 0.992448 -0.000000 0.000000 0.000000 0.000000 1.000000
1.000000 0.000000 0.000000 0.000000 0.000000 0.992294 -0.123908 7.693675 0.000000 0.123908 0.992294 0.000000 0.000000 0.000000 0.000000 1.000000
1.000000 0.000000 0.000000 0.000000 0.000000 0.992238 -0.124351 7.693675 0.000000 0.124351 0.992238 0.000000 0.000000 0.000000 0.000000 1.000000
1.000000 0.000000 0.000000 0.000000 0.000000 0.992294 -0.123908 7.693675 0.000000 0.123908 0.992294 0.000000 0.000000 0.000000 0.000000 1.000000
1.000000 0.000000 0.000000 0.000000 0.000000 0.992448 -0.122663 7.693675 0.000000 0.122663 0.992448 -0.000000 0.000000 0.000000 0.000000 1.000000
1.000000 0.000000 0.000000 0.000000 0.000000 0.992684 -0.120738 7.693675 0.000000 0.120738 0.992684 0.000000 0.000000 0.000000 0.000000 1.000000
1.000000 0.000000 0.000000 0.000000 0.000000 0.992983 -0.118256 7.693675 0.000000 0.118256 0.992983 0.000000 0.000000 0.000000 0.000000 1.000000
1.000000 0.000000 0.000000 0.000000 0.000000 0.993326 -0.115341 7.693675 0.000000 0.115341 0.993326 0.000000 0.000000 0.000000 0.000000 1.000000
1.000000 0.000000 0.000000 0.000000 0.000000 0.993695 -0.112116 7.693675 0.000000 0.112116 0.993695 0.000000 0.000000 0.000000 0.000000 1.000000
1.000000 0.000000 0.000000 0.000000 0.000000 0.994074 -0.108704 7.693675 0.000000 0.108704 0.994074 0.000000 0.000000 0.000000 0.000000 1.000000
1.000000 0.000000 0.000000 0.000000 0.000000 0.994448 -0.105229 7.693675 0.000000 0.105229 0.994448 -0.000000 0.000000 0.000000 0.000000 1.000000
1.000000 0.000000 0.000000 0.000000 0.000000 0.994803 -0.101815 7.693675 0.000000 0.101815 0.994803 0.000000 0.000000 0.000000 0.000000 1.000000
1.000000 0.000000 0.000000 0.000000 0.000000 0.995129 -0.098585 7.693675 0.000000 0.098585 0.995129 0.000000 0.000000 0.000000 0.000000 1.000000
1.000000 0.000000 0.000000 0.000000 0.000000 0.995414 -0.095664 7.693675 0.000000 0.095664 0.995414 -0.000000 0.000000 0.000000 0.000000 1.000000
1.000000 0.000000 0.000000 0.000000 0.000000 0.995650 -0.093176 7.693675 0.000000 0.093176 0.995650 0.000000 0.000000 0.000000 0.000000 1.000000
1.000000 0.000000 0.000000 0.000000 0.000000 0.995828 -0.091245 7.693675 0.000000 0.091245 0.995828 0.000000 0.000000 0.000000 0.000000 1.000000
1.000000 0.000000 0.000000 0.000000 0.000000 0.995942 -0.089995 7.693675 0.000000 0.089995 0.995942 0.000000 0.000000 0.000000 0.000000 1.000000
1.000000 0.000000 0.000000 0.000000 0.000000 0.995982 -0.089551 7.693675 0.000000 0.089551 0.995982 0.000000 0.000000 0.000000 0.000000 1.000000
1.000000 0.000000 0.000000 0.000000 0.000000 0.995894 -0.090527 7.693675 0.000000 0.090527 0.995894 0.000000 0.000000 0.000000 0.000000 1.000000
1.000000 0.000000 0.000000 0.000000 0.000000 0.995650 -0.093176 7.693675 0.000000 0.093176 0.995650 0.000000 0.000000 0.000000 0.000000 1.000000
1.000000 0.000000 0.000000 0.000000 0.000000 0.995277 -0.097078 7.693675 0.000000 0.097078 0.995277 0.000000 0.000000 0.000000 0.000000 1.000000
1.000000 0.000000 0.000000 0.000000 0.000000 0.994803 -0.101815 7.693675 0.000000 0.101815 0.994803 0.000000 0.000000 0.000000 0.000000 1.000000
1.000000 0.000000 0.000000 0.000000 0.000000 0.994263 -0.106967 7.693675 0.000000 0.106967 0.994263 0.000000 0.000000 0.000000 0.000000 1.000000
1.000000 0.000000 0.000000 0.000000 0.000000 0.993695 -0.112116 7.693675 0.000000 0.112116 0.993695 0.000000 0.000000 0.000000 0.000000 1.000000
1.000000 0.000000 0.000000 0.000000 0.000000 0.993150 -0.116845 7.693675 0.000000 0.116845 0.993150 -0.000000 0.000000 0.000000 0.000000 1.000000
1.000000 0.000000 0.000000 0.000000 0.000000 0.992684 -0.120738 7.693675 0.000000 0.120738 0.992684 0.000000 0.000000 0.000000 0.000000 1.000000
1.000000 0.000000 0.000000 0.000000 0.000000 0.992360 -0.123378 7.693675 0.000000 0.123378 0.992360 -0.000000 0.000000 0.000000 0.000000 1.000000
1.000000 0.000000 0.000000 0.000000 0.000000 0.992238 -0.124351 7.693675 0.000000 0.124351 0.992238 0.000000 0.000000 0.000000 0.000000 1.000000
1.000000 0.000000 0.000000 0.000000 0.000000 0.992360 -0.123378 7.693675 0.000000 0.123378 0.992360 -0.000000 0.000000 0.000000 0.000000 1.000000
1.000000 0.000000 0.000000 0.000000 0.000000 0.992684 -0.120738 7.693675 0.000000 0.120738 0.992684 0.000000 0.000000 0.000000 0.000000 1.000000
1.000000 0.000000 0.000000 0.000000 0.000000 0.993150 -0.116845 7.693675 0.000000 0.116845 0.993150 -0.000000 0.000000 0.000000 0.000000 1.000000
1.000000 0.000000 0.000000 0.000000 0.000000 0.993695 -0.112116 7.693675 0.000000 0.112116 0.993695 0.000000 0.000000 0.000000 0.000000 1.000000
1.000000 0.000000 0.000000 0.000000 0.000000 0.994263 -0.106967 7.693675 0.000000 0.106967 0.994263 0.000000 0.000000 0.000000 0.000000 1.000000
1.000000 0.000000 0.000000 0.000000 0.000000 0.994803 -0.101815 7.693675 0.000000 0.101815 0.994803 0.000000 0.000000 0.000000 0.000000 1.000000
1.000000 0.000000 0.000000 0.000000 0.000000 0.995277 -0.097078 7.693675 0.000000 0.097078 0.995277 0.000000 0.000000 0.000000 0.000000 1.000000
1.000000 0.000000 0.000000 0.000000 0.000000 0.995650 -0.093176 7.693675 0.000000 0.093176 0.995650 0.000000 0.000000 0.000000 0.000000 1.000000
1.000000 0.000000 0.000000 0.000000 0.000000 0.995894 -0.090527 7.693675 0.000000 0.090527 0.995894 0.000000 0.000000 0.000000 0.000000 1.000000
1.000000 0.000000 0.000000 0.000000 0.000000 0.995982 -0.089551 7.693675 0.000000 0.089551 0.995982 0.000000 0.000000 0.000000 0.000000 1.000000
1.000000 0.000000 0.000000 0.000000 0.000000 0.995942 -0.089995 7.693675 0.000000 0.089995 0.995942 0.000000 0.000000 0.000000 0.000000 1.000000
1.000000 0.000000 0.000000 0.000000 0.000000 0.995828 -0.091245 7.693675 0.000000 0.091245 0.995828 0.000000 0.000000 0.000000 0.000000 1.000000
1.000000 0.000000 0.000000 0.000000 0.000000 0.995650 -0.093176 7.693675 0.000000 0.093176 0.995650 0.000000 0.000000 0.000000 0.000000 1.000000
1.000000 0.000000 0.000000 0.000000 0.000000 0.995414 -0.095664 7.693675 0.000000 0.095664 0.995414 -0.000000 0.000000 0.000000 0.000000 1.000000
1.000000 0.000000 0.000000 0.000000 0.000000 0.995129 -0.098585 7.693675 0.000000 0.098585 0.995129 0.000000 0.000000 0.000000 0.000000 1.000000
1.000000 0.000000 0.000000 0.000000 0.000000 0.994803 -0.101815 7.693675 0.000000 0.101815 0.994803 0.000000 0.000000 0.000000 0.000000 1.000000
1.000000 0.000000 0.000000 0.000000 0.000000 0.994448 -0.105229 7.693675 0.000000 0.105229 0.994448 -0.000000 0.000000 0.000000 0.000000 1.000000
1.000000 0.000000 0.000000 0.000000 0.000000 0.994074 -0.108704 7.693675 0.000000 0.108704 0.994074 0.000000 0.000000 0.000000 0.000000 1.000000
1.000000 0.000000 0.000000 0.000000 0.000000 0.993695 -0.112116 7.693675 0.000000 0.112116 0.993695 0.000000 0.000000 0.000000 0.000000 1.000000
1.000000 0.000000 0.000000 0.000000 0.000000 0.993326 -0.115341 7.693675 0.000000 0.115341 0.993326 0.000000 0.000000 0.000000 0.000000 1.000000
1.000000 0.000000 0.000000 0.000000 0.000000 0.992983 -0.118256 7.693675 0.000000 0.118256 0.992983 0.000000 0.000000 0.000000 0.000000 1.000000
1.000000 0.000000 0.000000 0.000000 0.000000 0.992684 -0.120738 7.693675 0.000000 0.120738 0.992684 0.000000 0.000000 0.000000 0.000000 1.000000
1.000000 0.000000 0.000000 0.000000 0.000000 0.992448 -0.122663 7.693675 0.000000 0.122663 0.992448 -0.000000 0.000000 0.000000 0.000000 1.000000
1.000000 0.000000 0.000000 0.000000 0.000000 0.992294 -0.123908 7.693675 0.000000 0.123908 0.992294 0.000000 0.000000 0.000000 0.000000 1.000000
1.000000 0.000000 0.000000 0.000000 0.000000 0.992238 -0.124351 7.693675 0.000000 0.124351 0.992238 0.000000 0.000000 0.000000 0.000000 1.000000
1.000000 0.000000 0.000000 0.000000 0.000000 0.992294 -0.123908 7.693675 0.000000 0.123908 0.992294 0.000000 0.000000 0.000000 0.000000 1.000000
1.000000 0.000000 0.000000 0.000000 0.000000 0.992448 -0.122663 7.693675 0.000000 0.122663 0.992448 -0.000000 0.000000 0.000000 0.000000 1.000000
1.000000 0.000000 0.000000 0.000000 0.000000 0.992684 -0.120738 7.693675 0.000000 0.120738 0.992684 0.000000 0.000000 0.000000 0.000000 1.000000
1.000000 0.000000 0.000000 0.000000 0.000000 0.992983 -0.118256 7.693675 0.000000 0.118256 0.992983 0.000000 0.000000 0.000000 0.000000 1.000000
1.000000 0.000000 0.000000 0.000000 0.000000 0.993326 -0.115341 7.693675 0.000000 0.115341 0.993326 0.000000 0.000000 0.000000 0.000000 1.000000
1.000000 0.000000 0.000000 0.000000 0.000000 0.993695 -0.112116 7.693675 0.000000 0.112116 0.993695 0.000000 0.000000 0.000000 0.000000 1.000000
1.000000 0.000000 0.000000 0.000000 0.000000 0.994074 -0.108704 7.693675 0.000000 0.108704 0.994074 0.000000 0.000000 0.000000 0.000000 1.000000
1.000000 0.000000 0.000000 0.000000 0.000000 0.994448 -0.105229 7.693675 0.000000 0.105229 0.994448 -0.000000 0.000000 0.000000 0.000000 1.000000
1.000000 0.000000 0.000000 0.000000 0.000000 0.994803 -0.101815 7.693675 0.000000 0.101815 0.994803 0.000000 0.000000 0.000000 0.000000 1.000000
1.000000 0.000000 0.000000 0.000000 0.000000 0.995129 -0.098585 7.693675 0.000000 0.098585 0.995129 0.000000 0.000000 0.000000 0.000000 1.000000
1.000000 0.000000 0.000000 0.000000 0.000000 0.995414 -0.095664 7.693675 0.000000 0.095664 0.995414 -0.000000 0.000000 0.000000 0.000000 1.000000
1.000000 0.000000 0.000000 0.000000 0.000000 0.995650 -0.093176 7.693675 0.000000 0.093176 0.995650 0.000000 0.000000 0.000000 0.000000 1.000000
1.000000 0.000000 0.000000 0.000000 0.000000 0.995828 -0.091245 7.693675 0.000000 0.091245 0.995828 0.000000 0.000000 0.000000 0.000000 1.000000
1.000000 0.000000 0.000000 0.000000 0.000000 0.995942 -0.089995 7.693675 0.000000 0.089995 0.995942 0.000000 0.000000 0.000000 0.000000 1.000000
1.000000 0.000000 0.000000 0.000000 0.000000 0.995982 -0.089551 7.693675 0.000000 0.089551 0.995982 0.000000 0.000000 0.000000 0.000000 1.000000</float_array>
          <technique_common>
            <accessor source="#Spine1-Matrix-animation-output-transform-array" count="101" stride="16">
              <param type="float4x4"/>
            </accessor>
          </technique_common>
        </source>
        <source id="Spine1-Interpolations">
          <Name_array id="Spine1-Interpolations-array" count="101">
 LINEAR LINEAR LINEAR LINEAR LINEAR LINEAR LINEAR LINEAR LINEAR LINEAR LINEAR
LINEAR LINEAR LINEAR LINEAR LINEAR LINEAR LINEAR LINEAR LINEAR LINEAR LINEAR LINEAR
LINEAR LINEAR LINEAR LINEAR LINEAR LINEAR LINEAR LINEAR LINEAR LINEAR LINEAR LINEAR
LINEAR LINEAR LINEAR LINEAR LINEAR LINEAR LINEAR LINEAR LINEAR LINEAR LINEAR LINEAR
LINEAR LINEAR LINEAR LINEAR LINEAR LINEAR LINEAR LINEAR LINEAR LINEAR LINEAR LINEAR
LINEAR LINEAR LINEAR LINEAR LINEAR LINEAR LINEAR LINEAR LINEAR LINEAR LINEAR LINEAR
LINEAR LINEAR LINEAR LINEAR LINEAR LINEAR LINEAR LINEAR LINEAR LINEAR LINEAR LINEAR
LINEAR LINEAR LINEAR LINEAR LINEAR LINEAR LINEAR LINEAR LINEAR LINEAR LINEAR LINEAR
LINEAR LINEAR LINEAR LINEAR LINEAR LINEAR</Name_array>
          <technique_common>
            <accessor source="#Spine1-Interpolations-array" count="101">
              <param type="name"/>
            </accessor>
          </technique_common>
        </source>
        <sampler id="Spine1-Matrix-animation-transform">
          <input semantic="INPUT" source="#Spine1-Matrix-animation-input"/>
          <input semantic="OUTPUT" source="#Spine1-Matrix-animation-output-transform"/>
          <input semantic="INTERPOLATION" source="#Spine1-Interpolations"/>
        </sampler>
        <channel source="#Spine1-Matrix-animation-transform" target="Spine1/matrix"/>
      </animation>
      <animation>
        <source id="Spine1-visibility-animation-input">
          <float_array id="Spine1-visibility-animation-input-array" count="9">

0.000000 0.333333 0.666667 1.166667 1.666667 2.000000 2.333333 2.833333 3.333333</float_array>
          <technique_common>
            <accessor source="#Spine1-visibility-animation-input-array" count="9">
              <param name="TIME" type="float"/>
            </accessor>
          </technique_common>
        </source>
        <source id="Spine1-visibility-animation-output">
          <float_array id="Spine1-visibility-animation-output-array" count="9">

