<?xml version="1.0" encoding="utf-8"?>
<COLLADA xmlns="http://www.collada.org/2005/11/COLLADASchema" version="1.4.1">
  <asset>
    <contributor>
      <author/>
      <authoring_tool>FBX COLLADA exporter</authoring_tool>
      <comments/>
    </contributor>
    <created>2023-10-14T19:28:16Z</created>
    <keywords/>
    <modified>2023-10-14T19:28:16Z</modified>
    <revision/>
    <subject/>
    <title/>
    <unit meter="0.010000" name="centimeter"/>
    <up_axis>Y_UP</up_axis>
  </asset>
  <library_animations>
    <animation id="Hips-anim" name="Hips">
      <animation>
        <source id="Hips-Matrix-animation-input">
          <float_array id="Hips-Matrix-animation-input-array" count="59">

0.000000 0.033333 0.066667 0.100000 0.133333 0.166667 0.200000 0.233333 0.266667 0.300000 0.333333 0.366667 0.400000 0.433333 0.466667 0.500000
0.533333 0.566667 0.600000 0.633333 0.666667 0.700000 0.733333 0.766667 0.800000 0.833333 0.866667 0.900000 0.933333 0.966667 1.000000 1.033333
1.066667 1.100000 1.133333 1.166667 1.200000 1.233333 1.266667 1.300000 1.333333 1.366667 1.400000 1.433333 1.466667 1.500000 1.533333 1.566667
1.600000 1.633333 1.666667 1.700000 1.733333 1.766667 1.800000 1.833333 1.866667 1.900000 1.933333</float_array>
          <technique_common>
            <accessor source="#Hips-Matrix-animation-input-array" count="59">
              <param name="TIME" type="float"/>
            </accessor>
          </technique_common>
        </source>
        <source id="Hips-Matrix-animation-output-transform">
          <float_array id="Hips-Matrix-animation-output-transform-array" count="944">

1.000000 0.000000 0.000000 0.025997 0.000000 -0.061840 -0.998086 15.517756 0.000000 0.998086 -0.061840 -6.973806 0.000000 0.000000 0.000000 1.000000
1.000000 0.000000 0.000000 0.025997 0.000000 -0.051705 -0.998662 15.517756 0.000000 0.998662 -0.051705 -6.973806 0.000000 0.000000 0.000000 1.000000
1.000000 0.000000 0.000000 0.025997 0.000000 -0.026906 -0.999638 15.517756 0.000000 0.999638 -0.026906 -6.973806 0.000000 0.000000 0.000000 1.000000
1.000000 0.000000 0.000000 0.025997 0.000000 0.004120 -0.999992 15.517756 0.000000 0.999992 0.004120 -6.973806 0.000000 0.000000 0.000000 1.000000
1.000000 0.000000 0.000000 0.025997 0.000000 0.032895 -0.999459 15.517756 0.000000 0.999459 0.032895 -6.973806 0.000000 0.000000 0.000000 1.000000
1.000000 0.000000 0.000000 0.025997 0.000000 0.050956 -0.998701 15.517756 0.000000 0.998701 0.050956 -6.973806 0.000000 0.000000 0.000000 1.000000
1.000000 0.000000 0.000000 0.025997 0.000000 0.059968 -0.998200 15.517756 0.000000 0.998200 0.059968 -6.973806 0.000000 0.000000 0.000000 1.000000
1.000000 0.000000 0.000000 0.025997 0.000000 0.067325 -0.997731 15.517756 0.000000 0.997731 0.067325 -6.973806 0.000000 0.000000 0.000000 1.000000
1.000000 0.000000 0.000000 0.025997 0.000000 0.073196 -0.997318 15.517756 0.000000 0.997318 0.073196 -6.973806 0.000000 0.000000 0.000000 1.000000
1.000000 0.000000 0.000000 0.025997 0.000000 0.077746 -0.996973 15.517756 0.000000 0.996973 0.077746 -6.973806 0.000000 0.000000 0.000000 1.000000
1.000000 0.000000 0.000000 0.025997 0.000000 0.081142 -0.996703 15.517756 0.000000 0.996703 0.081142 -6.973806 0.000000 0.000000 0.000000 1.000000
1.000000 0.000000 0.000000 0.025997 0.000000 0.083551 -0.996504 15.517756 0.000000 0.996504 0.083551 -6.973806 0.000000 0.000000 0.000000 1.000000
1.000000 0.000000 0.000000 0.025997 0.000000 0.085137 -0.996369 15.517756 0.000000 0.996369 0.085137 -6.973806 0.000000 0.000000 0.000000 1.000000
1.000000 0.000000 0.000000 0.025997 0.000000 0.086065 -0.996290 15.517756 0.000000 0.996290 0.086065 -6.973806 0.000000 0.000000 0.000000 1.000000
1.000000 0.000000 0.000000 0.025997 0.000000 0.086501 -0.996252 15.517756 0.000000 0.996252 0.086501 -6.973806 0.000000 0.000000 0.000000 1.000000
1.000000 0.000000 0.000000 0.025997 0.000000 0.086610 -0.996242 15.517756 0.000000 0.996242 0.086610 -6.973806 0.000000 0.000000 0.000000 1.000000
1.000000 0.000000 0.000000 0.025997 0.000000 0.085977 -0.996297 15.517756 0.000000 0.996297 0.085977 -6.973806 0.000000 0.000000 0.000000 1.000000
1.000000 0.000000 0.000000 0.025997 0.000000 0.084196 -0.996449 15.517756 0.000000 0.996449 0.084196 -6.973806 0.000000 0.000000 0.000000 1.000000
1.000000 0.000000 0.000000 0.025997 0.000000 0.081443 -0.996678 15.517756 0.000000 0.996678 0.081443 -6.973806 0.000000 0.000000 0.000000 1.000000
1.000000 0.000000 0.000000 0.025997 0.000000 0.077893 -0.996962 15.517756 0.000000 0.996962 0.077893 -6.973806 0.000000 0.000000 0.000000 1.000000
1.000000 0.000000 0.000000 0.025997 0.000000 0.073724 -0.997279 15.517756 0.000000 0.997279 0.073724 -6.973806 0.000000 0.000000 0.000000 1.000000
1.000000 0.000000 0.000000 0.025997 0.000000 0.069112 -0.997609 15.517756 0.000000 0.997609 0.069112 -6.973806 0.000000 0.000000 0.000000 1.000000
1.000000 0.000000 0.000000 0.025997 0.000000 0.064232 -0.997935 15.517756 0.000000 0.997935 0.064232 -6.973806 0.000000 0.000000 0.000000 1.000000
1.000000 0.000000 0.000000 0.025997 0.000000 0.059263 -0.998242 15.517756 0.000000 0.998242 0.059263 -6.973806 0.000000 0.000000 0.000000 1.000000
1.000000 0.000000 0.000000 0.025997 0.000000 0.054381 -0.998520 15.517756 0.000000 0.998520 0.054381 -6.973806 0.000000 0.000000 0.000000 1.000000
1.000000 0.000000 0.000000 0.025997 0.000000 0.049763 -0.998761 15.517756 0.000000 0.998761 0.049763 -6.973806 0.000000 0.000000 0.000000 1.000000
1.000000 0.000000 0.000000 0.025997 0.000000 0.045587 -0.998960 15.517756 0.000000 0.998960 0.045587 -6.973806 0.000000 0.000000 0.000000 1.000000
1.000000 0.000000 0.000000 0.025997 0.000000 0.042029 -0.999116 15.517756 0.000000 0.999116 0.042029 -6.973806 0.000000 0.000000 0.000000 1.000000
1.000000 0.000000 0.000000 0.025997 0.000000 0.039269 -0.999229 15.517756 0.000000 0.999229 0.039269 -6.973806 0.000000 0.000000 0.000000 1.000000
1.000000 0.000000 0.000000 0.025997 0.000000 0.037483 -0.999297 15.517756 0.000000 0.999297 0.037483 -6.973806 0.000000 0.000000 0.000000 1.000000
1.000000 0.000000 0.000000 0.025997 0.000000 0.036848 -0.999321 15.517756 0.000000 0.999321 0.036848 -6.973806 0.000000 0.000000 0.000000 1.000000
1.000000 0.000000 0.000000 0.025997 0.000000 0.034085 -0.999419 15.517756 0.000000 0.999419 0.034085 -6.973806 0.000000 0.000000 0.000000 1.000000
1.000000 0.000000 0.000000 0.025997 0.000000 0.026584 -0.999647 15.517756 0.000000 0.999647 0.026584 -6.973806 0.000000 0.000000 0.000000 1.000000
1.000000 0.000000 0.000000 0.025997 0.000000 0.015529 -0.999879 15.517756 0.000000 0.999879 0.015529 -6.973806 0.000000 0.000000 0.000000 1.000000
1.000000 0.000000 0.000000 0.025997 0.000000 0.002101 -0.999998 15.517756 0.000000 0.999998 0.002101 -6.973806 0.000000 0.000000 0.000000 1.000000
1.000000 0.000000 0.000000 0.025997 0.000000 -0.012512 -0.999922 15.517756 0.000000 0.999922 -0.012512 -6.973806 0.000000 0.000000 0.000000 1.000000
1.000000 0.000000 0.000000 0.025997 0.000000 -0.027122 -0.999632 15.517756 0.000000 0.999632 -0.027122 -6.973806 0.000000 0.000000 0.000000 1.000000
1.000000 0.000000 0.000000 0.025997 0.000000 -0.040542 -0.999178 15.517756 0.000000 0.999178 -0.040542 -6.973806 0.000000 0.000000 0.000000 1.000000
1.000000 0.000000 0.000000 0.025997 0.000000 -0.051588 -0.998668 15.517756 0.000000 0.998668 -0.051588 -6.973806 0.000000 0.000000 0.000000 1.000000
1.000000 0.000000 0.000000 0.025997 0.000000 -0.059081 -0.998253 15.517756 0.000000 0.998253 -0.059081 -6.973806 0.000000 0.000000 0.000000 1.000000
1.000000 0.000000 0.000000 0.025997 0.000000 -0.061840 -0.998086 15.517756 0.000000 0.998086 -0.061840 -6.973806 0.000000 0.000000 0.000000 1.000000
1.000000 0.000000 0.000000 0.025997 0.000000 -0.032615 -0.999468 15.517756 0.000000 0.999468 -0.032615 -6.973806 0.000000 0.000000 0.000000 1.000000
1.000000 0.000000 0.000000 0.025997 0.000000 0.021717 -0.999764 15.517756 0.000000 0.999764 0.021717 -6.973806 0.000000 0.000000 0.000000 1.000000
1.000000 0.000000 0.000000 0.025997 0.000000 0.050956 -0.998701 15.517756 0.000000 0.998701 0.050956 -6.973806 0.000000 0.000000 0.000000 1.000000
1.000000 0.000000 0.000000 0.025997 0.000000 0.044712 -0.999000 15.517756 0.000000 0.999000 0.044712 -6.973806 0.000000 0.000000 0.000000 1.000000
1.000000 0.000000 0.000000 0.025997 0.000000 0.028600 -0.999591 15.517756 0.000000 0.999591 0.028600 -6.973806 0.000000 0.000000 0.000000 1.000000
1.000000 0.000000 0.000000 0.025997 0.000000 0.006559 -0.999978 15.517756 0.000000 0.999978 0.006559 -6.973806 0.000000 0.000000 0.000000 1.000000
1.000000 0.000000 0.000000 0.025997 0.000000 -0.017459 -0.999848 15.517756 0.000000 0.999848 -0.017459 -6.973806 0.000000 0.000000 0.000000 1.000000
1.000000 0.000000 0.000000 0.025997 0.000000 -0.039495 -0.999220 15.517756 0.000000 0.999220 -0.039495 -6.973806 0.000000 0.000000 0.000000 1.000000
1.000000 0.000000 0.000000 0.025997 0.000000 -0.055600 -0.998453 15.517756 0.000000 0.998453 -0.055600 -6.973806 0.000000 0.000000 0.000000 1.000000
1.000000 0.000000 0.000000 0.025997 0.000000 -0.061840 -0.998086 15.517756 0.000000 0.998086 -0.061840 -6.973806 0.000000 0.000000 0.000000 1.000000
1.000000 0.000000 0.000000 0.025997 0.000000 -0.032615 -0.999468 15.517756 0.000000 0.999468 -0.032615 -6.973806 0.000000 0.000000 0.000000 1.000000
1.000000 0.000000 0.000000 0.025997 0.000000 0.021717 -0.999764 15.517756 0.000000 0.999764 0.021717 -6.973806 0.000000 0.000000 0.000000 1.000000
1.000000 0.000000 0.000000 0.025997 0.000000 0.050956 -0.998701 15.517756 0.000000 0.998701 0.050956 -6.973806 0.000000 0.000000 0.000000 1.000000
1.000000 0.000000 0.000000 0.025997 0.000000 0.039231 -0.999230 15.517756 0.000000 0.999230 0.039231 -6.973806 0.000000 0.000000 0.000000 1.000000
1.000000 0.000000 0.000000 0.025997 0.000000 0.011252 -0.999937 15.517756 0.000000 0.999937 0.011252 -6.973806 0.000000 0.000000 0.000000 1.000000
1.000000 0.000000 0.000000 0.025997 0.000000 -0.022152 -0.999755 15.517756 0.000000 0.999755 -0.022152 -6.973806 0.000000 0.000000 0.000000 1.000000
1.000000 0.000000 0.000000 0.025997 0.000000 -0.050122 -0.998743 15.517756 0.000000 0.998743 -0.050122 -6.973806 0.000000 0.000000 0.000000 1.000000
1.000000 0.000000 0.000000 0.025997 0.000000 -0.061840 -0.998086 15.517756 0.000000 0.998086 -0.061840 -6.973806 0.000000 0.000000 0.000000 1.000000</float_array>
          <technique_common>
            <accessor source="#Hips-Matrix-animation-output-transform-array" count="59" stride="16">
              <param type="float4x4"/>
            </accessor>
          </technique_common>
        </source>
        <source id="Hips-Interpolations">
          <Name_array id="Hips-Interpolations-array" count="59">
 LINEAR LINEAR LINEAR LINEAR LINEAR LINEAR LINEAR LINEAR LINEAR LINEAR LINEAR
LINEAR LINEAR LINEAR LINEAR LINEAR LINEAR LINEAR LINEAR LINEAR LINEAR LINEAR LINEAR
LINEAR LINEAR LINEAR LINEAR LINEAR LINEAR LINEAR LINEAR LINEAR LINEAR LINEAR LINEAR
LINEAR LINEAR LINEAR LINEAR LINEAR LINEAR LINEAR LINEAR LINEAR LINEAR LINEAR LINEAR
LINEAR LINEAR LINEAR LINEAR LINEAR LINEAR LINEAR LINEAR LINEAR LINEAR LINEAR LINEAR</Name_array>
          <technique_common>
            <accessor source="#Hips-Interpolations-array" count="59">
              <param type="name"/>
            </accessor>
          </technique_common>
        </source>
        <sampler id="Hips-Matrix-animation-transform">
          <input semantic="INPUT" source="#Hips-Matrix-animation-input"/>
          <input semantic="OUTPUT" source="#Hips-Matrix-animation-output-transform"/>
          <input semantic="INTERPOLATION" source="#Hips-Interpolations"/>
        </sampler>
        <channel source="#Hips-Matrix-animation-transform" target="Hips/matrix"/>
      </animation>
      <animation>
        <source id="Hips-visibility-animation-input">
          <float_array id="Hips-visibility-animation-input-array" count="9">

0.000000 0.166667 0.500000 1.000000 1.333333 1.433333 1.666667 1.766667 1.933333</float_array>
          <technique_common>
            <accessor source="#Hips-visibility-animation-input-array" count="9">
              <param name="TIME" type="float"/>
            </accessor>
          </technique_common>
        </source>
        <source id="Hips-visibility-animation-output">
          <float_array id="Hips-visibility-animation-output-array" count="9">

1.000000 1.000000 1.000000 1.000000 1.000000 1.000000 1.000000 1.000000 1.000000</float_array>
          <technique_common>
            <accessor source="#Hips-visibility-animation-output-array" count="9">
              <param type="float"/>
            </accessor>
          </technique_common>
        </source>
        <source id="Hips-visibility-animation-intan">
          <float_array id="Hips-visibility-animation-intan-array" count="9">

0.000000 0.000000 0.000000 0.000000 0.000000 0.000000 0.000000 0.000000 0.000000</float_array>
          <technique_common>
            <accessor source="#Hips-visibility-animation-intan-array" count="9">
              <param type="float"/>
            </accessor>
          </technique_common>
        </source>
        <source id="Hips-visibility-animation-outtan">
          <float_array id="Hips-visibility-animation-outtan-array" count="9">

0.000000 0.000000 0.000000 0.000000 0.000000 0.000000 0.000000 0.000000 0.000000</float_array>
          <technique_common>
            <accessor source="#Hips-visibility-animation-outtan-array" count="9">
              <param type="float"/>
            </accessor>
          </technique_common>
        </source>
        <source id="Hips-visibility-animation-interpolation">
          <Name_array id="Hips-visibility-animation-interpolation-array" count="9">
 STEP STEP STEP STEP STEP STEP STEP STEP STEP</Name_array>
          <technique_common>
            <accessor source="#Hips-visibility-animation-interpolation-array" count="9">
              <param type="name"/>
            </accessor>
          </technique_common>
        </source>
        <sampler id="Hips-visibility-animation">
          <input semantic="INPUT" source="#Hips-visibility-animation-input"/>
          <input semantic="OUTPUT" source="#Hips-visibility-animation-output"/>
          <input semantic="IN_TANGENT" source="#Hips-visibility-animation-intan"/>
          <input semantic="OUT_TANGENT" source="#Hips-visibility-animation-outtan"/>
          <input semantic="INTERPOLATION" source="#Hips-visibility-animation-interpolation"/>
        </sampler>
        <channel source="#Hips-visibility-animation" target="Hips/visibility"/>
      </animation>
    </animation>
    <animation id="Spine1-anim" name="Spine1">
      <animation>
        <source id="Spine1-Matrix-animation-input">
          <float_array id="Spine1-Matrix-animation-input-array" count="59">

0.000000 0.033333 0.066667 0.100000 0.133333 0.166667 0.200000 0.233333 0.266667 0.300000 0.333333 0.366667 0.400000 0.433333 0.466667 0.500000
0.533333 0.566667 0.600000 0.633333 0.666667 0.700000 0.733333 0.766667 0.800000 0.833333 0.866667 0.900000 0.933333 0.966667 1.000000 1.033333
1.066667 1.100000 1.133333 1.166667 1.200000 1.233333 1.266667 1.300000 1.333333 1.366667 1.400000 1.433333 1.466667 1.500000 1.533333 1.566667
1.600000 1.633333 1.666667 1.700000 1.733333 1.766667 1.800000 1.833333 1.866667 1.900000 1.933333</float_array>
          <technique_common>
            <accessor source="#Spine1-Matrix-animation-input-array" count="59">
              <param name="TIME" type="float"/>
            </accessor>
          </technique_common>
        </source>
        <source id="Spine1-Matrix-animation-output-transform">
          <float_array id="Spine1-Matrix-animation-output-transform-array" count="944">

1.000000 0.000000 0.000000 0.000000 0.000000 1.000000 0.000000 7.693675 0.000000 0.000000 1.000000 0.000000 0.000000 0.000000 0.000000 1.000000
1.000000 0.000000 0.000000 0.000000 0.000000 1.000000 0.000000 7.693675 0.000000 0.000000 1.000000 0.000000 0.000000 0.000000 0.000000 1.000000
1.000000 0.000000 0.000000 0.000000 0.000000 1.000000 0.000000 7.693675 0.000000 0.000000 1.000000 0.000000 0.000000 0.000000 0.000000 1.000000
1.000000 0.000000 0.000000 0.000000 0.000000 1.000000 0.000000 7.693675 0.000000 0.000000 1.000000 0.000000 0.000000 0.000000 0.000000 1.000000
1.000000 0.000000 0.000000 0.000000 0.000000 1.000000 0.000000 7.693675 0.000000 0.000000 1.000000 -0.000000 0.000000 0.000000 0.000000 1.000000
1.000000 0.000000 0.000000 0.000000 0.000000 1.000000 0.000000 7.693675 0.000000 0.000000 1.000000 0.000000 0.000000 0.000000 0.000000 1.000000
1.000000 0.000000 0.000000 0.000000 0.000000 1.000000 0.000441 7.693675 0.000000 -0.000441 1.000000 0.000000 0.000000 0.000000 0.000000 1.000000
1.000000 0.000000 0.000000 0.000000 0.000000 0.999999 0.001639 7.693675 0.000000 -0.001639 0.999999 0.000000 0.000000 0.000000 0.000000 1.000000
1.000000 0.000000 0.000000 0.000000 0.000000 0.999994 0.003405 7.693675 0.000000 -0.003405 0.999994 0.000000 0.000000 0.000000 0.000000 1.000000
1.000000 0.000000 0.000000 0.000000 0.000000 0.999985 0.005548 7.693675 0.000000 -0.005548 0.999985 0.000000 0.000000 0.000000 0.000000 1.000000
1.000000 0.000000 0.000000 0.000000 0.000000 0.999969 0.007881 7.693675 0.000000 -0.007881 0.999969 0.000000 0.000000 0.000000 0.000000 1.000000
1.000000 0.000000 0.000000 0.000000 0.000000 0.999948 0.010214 7.693675 0.000000 -0.010214 0.999948 0.000000 0.000000 0.000000 0.000000 1.000000
1.000000 0.000000 0.000000 0.000000 0.000000 0.999924 0.012357 7.693675 0.000000 -0.012357 0.999924 0.000000 0.000000 0.000000 0.000000 1.000000
1.000000 0.000000 0.000000 0.000000 0.000000 0.999900 0.014122 7.693675 0.000000 -0.014122 0.999900 0.000000 0.000000 0.000000 0.000000 1.000000
1.000000 0.000000 0.000000 0.000000 0.000000 0.999883 0.015320 7.693675 0.000000 -0.015320 0.999883 0.000000 0.000000 0.000000 0.000000 1.000000
1.000000 0.000000 0.000000 0.000000 0.000000 0.999876 0.015761 7.693675 0.000000 -0.015761 0.999876 0.000000 0.000000 0.000000 0.000000 1.000000
1.000000 0.000000 0.000000 0.000000 0.000000 0.999876 0.015761 7.693675 0.000000 -0.015761 0.999876 0.000000 0.000000 0.000000 0.000000 1.000000
1.000000 0.000000 0.000000 0.000000 0.000000 0.999876 0.015761 7.693675 0.000000 -0.015761 0.999876 0.000000 0.000000 0.000000 0.000000 1.000000
1.000000 0.000000 0.000000 0.000000 0.000000 0.999876 0.015761 7.693675 0.000000 -0.015761 0.999876 0.000000 0.000000 0.000000 0.000000 1.000000
1.000000 0.000000 0.000000 0.000000 0.000000 0.999876 0.015761 7.693675 0.000000 -0.015761 0.999876 0.000000 0.000000 0.000000 0.000000 1.000000
1.000000 0.000000 0.000000 0.000000 0.000000 0.999876 0.015761 7.693675 0.000000 -0.015761 0.999876 0.000000 0.000000 0.000000 0.000000 1.000000
1.000000 0.000000 0.000000 0.000000 0.000000 0.999876 0.015761 7.693675 0.000000 -0.015761 0.999876 -0.000000 0.000000 0.000000 0.000000 1.000000
1.000000 0.000000 0.000000 0.000000 0.000000 0.999876 0.015761 7.693675 0.000000 -0.015761 0.999876 0.000000 0.000000 0.000000 0.000000 1.000000
1.000000 0.000000 0.000000 0.000000 0.000000 0.999876 0.015761 7.693675 0.000000 -0.015761 0.999876 0.000000 0.000000 0.000000 0.000000 1.000000
1.000000 0.000000 0.000000 0.000000 0.000000 0.999876 0.015761 7.693675 0.000000 -0.015761 0.999876 -0.000000 0.000000 0.000000 0.000000 1.000000
1.000000 0.000000 0.000000 0.000000 0.000000 0.999876 0.015761 7.693675 0.000000 -0.015761 0.999876 0.000000 0.000000 0.000000 0.000000 1.000000
1.000000 0.000000 0.000000 0.000000 0.000000 0.999876 0.015761 7.693675 0.000000 -0.015761 0.999876 -0.000000 0.000000 0.000000 0.000000 1.000000
1.000000 0.000000 0.000000 0.000000 0.000000 0.999876 0.015761 7.693675 0.000000 -0.015761 0.999876 0.000000 0.000000 0.000000 0.000000 1.000000
1.000000 0.000000 0.000000 0.000000 0.000000 0.999876 0.015761 7.693675 0.000000 -0.015761 0.999876 0.000000 0.000000 0.000000 0.000000 1.000000
1.000000 0.000000 0.000000 0.000000 0.000000 0.999876 0.015761 7.693675 0.000000 -0.015761 0.999876 0.000000 0.000000 0.000000 0.000000 1.000000
1.000000 0.000000 0.000000 0.000000 0.000000 0.999876 0.015761 7.693675 0.000000 -0.015761 0.999876 0.000000 0.000000 0.000000 0.000000 1.000000
1.000000 0.000000 0.000000 0.000000 0.000000 0.999883 0.015320 7.693675 0.000000 -0.015320 0.999883 0.000000 0.000000 0.000000 0.000000 1.000000
1.000000 0.000000 0.000000 0.000000 0.000000 0.999900 0.014122 7.693675 0.000000 -0.014122 0.999900 0.000000 0.000000 0.000000 0.000000 1.000000
1.000000 0.000000 0.000000 0.000000 0.000000 0.999924 0.012357 7.693675 0.000000 -0.012357 0.999924 0.000000 0.000000 0.000000 0.000000 1.000000
1.000000 0.000000 0.000000 0.000000 0.000000 0.999948 0.010214 7.693675 0.000000 -0.010214 0.999948 0.000000 0.000000 0.000000 0.000000 1.000000
1.000000 0.000000 0.000000 0.000000 0.000000 0.999969 0.007881 7.693675 0.000000 -0.007881 0.999969 0.000000 0.000000 0.000000 0.000000 1.000000
1.000000 0.000000 0.000000 0.000000 0.000000 0.999985 0.005548 7.693675 0.000000 -0.005548 0.999985 0.000000 0.000000 0.000000 0.000000 1.000000
1.000000 0.000000 0.000000 0.000000 0.000000 0.999994 0.003405 7.693675 0.000000 -0.003405 0.999994 0.000000 0.000000 0.000000 0.000000 1.000000
1.000000 0.000000 0.000000 0.000000 0.000000 0.999999 0.001639 7.693675 0.000000 -0.001639 0.999999 -0.000000 0.000000 0.000000 0.000000 1.000000
1.000000 0.000000 0.000000 0.000000 0.000000 1.000000 0.000441 7.693675 0.000000 -0.000441 1.000000 0.000000 0.000000 0.000000 0.000000 1.000000
1.000000 0.000000 0.000000 0.000000 0.000000 1.000000 0.000000 7.693675 0.000000 0.000000 1.000000 0.000000 0.000000 0.000000 0.000000 1.000000
1.000000 0.000000 0.000000 0.000000 0.000000 1.000000 0.000000 7.693675 0.000000 0.000000 1.000000 0.000000 0.000000 0.000000 0.000000 1.000000
1.000000 0.000000 0.000000 0.000000 0.000000 1.000000 0.000000 7.693675 0.000000 -0.000000 1.000000 0.000000 0.000000 0.000000 0.000000 1.000000
1.000000 0.000000 0.000000 0.000000 0.000000 1.000000 0.000000 7.693675 0.000000 0.000000 1.000000 0.000000 0.000000 0.000000 0.000000 1.000000
1.000000 0.000000 0.000000 0.000000 0.000000 1.000000 0.000000 7.693675 0.000000 0.000000 1.000000 0.000000 0.000000 0.000000 0.000000 1.000000
1.000000 0.000000 0.000000 0.000000 0.000000 1.000000 0.000000 7.693675 0.000000 0.000000 1.000000 0.000000 0.000000 0.000000 0.000000 1.000000
1.000000 0.000000 0.000000 0.000000 0.000000 1.000000 0.000000 7.693675 0.000000 0.000000 1.000000 -0.000000 0.000000 0.000000 0.000000 1.000000
1.000000 0.000000 0.000000 0.000000 0.000000 1.000000 0.000000 7.693675 0.000000 0.000000 1.000000 0.000000 0.000000 0.000000 0.000000 1.000000
1.000000 0.000000 0.000000 0.000000 0.000000 1.000000 0.000000 7.693675 0.000000 0.000000 1.000000 0.000000 0.000000 0.000000 0.000000 1.000000
1.000000 0.000000 0.000000 0.000000 0.000000 1.000000 0.000000 7.693675 0.000000 0.000000 1.000000 0.000000 0.000000 0.000000 0.000000 1.000000
1.000000 0.000000 0.000000 0.000000 0.000000 1.000000 0.000000 7.693675 0.000000 0.000000 1.000000 0.000000 0.000000 0.000000 0.000000 1.000000
1.000000 0.000000 0.000000 0.000000 0.000000 1.000000 0.000000 7.693675 0.000000 0.000000 1.000000 0.000000 0.000000 0.000000 0.000000 1.000000
1.000000 0.000000 0.000000 0.000000 0.000000 1.000000 0.000000 7.693675 0.000000 -0.000000 1.000000 0.000000 0.000000 0.000000 0.000000 1.000000
1.000000 0.000000 0.000000 0.000000 0.000000 1.000000 0.000000 7.693675 0.000000 0.000000 1.000000 0.000000 0.000000 0.000000 0.000000 1.000000
1.000000 0.000000 0.000000 0.000000 0.000000 1.000000 0.000000 7.693675 0.000000 0.000000 1.000000 0.000000 0.000000 0.000000 0.000000 1.000000
1.000000 0.000000 0.000000 0.000000 0.000000 1.000000 0.000000 7.693675 0.000000 0.000000 1.000000 -0.000000 0.000000 0.000000 0.000000 1.000000
1.000000 0.000000 0.000000 0.000000 0.000000 1.000000 -0.000000 7.693675 0.000000 0.000000 1.000000 -0.000000 0.000000 0.000000 0.000000 1.000000
1.000000 0.000000 0.000000 0.000000 0.000000 1.000000 0.000000 7.693675 0.000000 -0.000000 1.000000 0.000000 0.000000 0.000000 0.000000 1.000000
1.000000 0.000000 0.000000 0.000000 0.000000 1.000000 0.000000 7.693675 0.000000 0.000000 1.000000 0.000000 0.000000 0.000000 0.000000 1.000000</float_array>
          <technique_common>
            <accessor source="#Spine1-Matrix-animation-output-transform-array" count="59" stride="16">
              <param type="float4x4"/>
            </accessor>
          </technique_common>
        </source>
        <source id="Spine1-Interpolations">
          <Name_array id="Spine1-Interpolations-array" count="59">
 LINEAR LINEAR LINEAR LINEAR LINEAR LINEAR LINEAR LINEAR LINEAR LINEAR LINEAR
LINEAR LINEAR LINEAR LINEAR LINEAR LINEAR LINEAR LINEAR LINEAR LINEAR LINEAR LINEAR
LINEAR LINEAR LINEAR LINEAR LINEAR LINEAR LINEAR LINEAR LINEAR LINEAR LINEAR LINEAR
LINEAR LINEAR LINEAR LINEAR LINEAR LINEAR LINEAR LINEAR LINEAR LINEAR LINEAR LINEAR
LINEAR LINEAR LINEAR LINEAR LINEAR LINEAR LINEAR LINEAR LINEAR LINEAR LINEAR LINEAR</Name_array>
          <technique_common>
            <accessor source="#Spine1-Interpolations-array" count="59">
              <param type="name"/>
            </accessor>
          </technique_common>
        </source>
        <sampler id="Spine1-Matrix-animation-transform">
          <input semantic="INPUT" source="#Spine1-Matrix-animation-input"/>
          <input semantic="OUTPUT" source="#Spine1-Matrix-animation-output-transform"/>
          <input semantic="INTERPOLATION" source="#Spine1-Interpolations"/>
        </sampler>
        <channel source="#Spine1-Matrix-animation-transform" target="Spine1/matrix"/>
      </animation>
      <animation>
        <source id="Spine1-visibility-animation-input">
          <float_array id="Spine1-visibility-animation-input-array" count="9">

0.000000 0.166667 0.500000 1.000000 1.333333 1.433333 1.666667 1.766667 1.933333</float_array>
          <technique_common>
            <accessor source="#Spine1-visibility-animation-input-array" count="9">
              <param name="TIME" type="float"/>
            </accessor>
          </technique_common>
        </source>
        <source id="Spine1-visibility-animation-output">
          <float_array id="Spine1-visibility-animation-output-array" count="9">

1.000000 1.000000 1.000000 1.000000 1.000000 1.000000 1.000000 1.000000 1.000000</float_array>
          <technique_common>
            <accessor source="#Spine1-visibility-animation-output-array" count="9">
              <param type="float"/>
            </accessor>
          </technique_common>
        </source>
        <source id="Spine1-visibility-animation-intan">
          <float_array id="Spine1-visibility-animation-intan-array" count="9">

0.000000 0.000000 0.000000 0.000000 0.000000 0.000000 0.000000 0.000000 0.000000</float_array>
          <technique_common>
            <accessor source="#Spine1-visibility-animation-intan-array" count="9">
              <param type="float"/>
            </accessor>
          </technique_common>
        </source>
        <source id="Spine1-visibility-animation-outtan">
          <float_array id="Spine1-visibility-animation-outtan-array" count="9">

0.000000 0.000000 0.000000 0.000000 0.000000 0.000000 0.000000 0.000000 0.000000</float_array>
          <technique_common>
            <accessor source="#Spine1-visibility-animation-outtan-array" count="9">
              <param type="float"/>
            </accessor>
          </technique_common>
        </source>
        <source id="Spine1-visibility-animation-interpolation">
          <Name_array id="Spine1-visibility-animation-interpolation-array" count="9">
 STEP STEP STEP STEP STEP STEP STEP STEP STEP</Name_array>
          <technique_common>
            <accessor source="#Spine1-visibility-animation-interpolation-array" count="9">
              <param type="name"/>
            </accessor>
          </technique_common>
        </source>
        <sampler id="Spine1-visibility-animation">
          <input semantic="INPUT" source="#Spine1-visibility-animation-input"/>
          <input semantic="OUTPUT" source="#Spine1-visibility-animation-output"/>
          <input semantic="IN_TANGENT" source="#Spine1-visibility-animation-intan"/>
          <input semantic="OUT_TANGENT" source="#Spine1-visibility-animation-outtan"/>
          <input semantic="INTERPOLATION" source="#Spine1-visibility-animation-interpolation"/>
        </sampler>
        <channel source="#Spine1-visibility-animation" target="Spine1/visibility"/>
      </animation>
    </animation>
    <animation id="Spine2-anim" name="Spine2">
      <animation>
        <source id="Spine2-Matrix-animation-input">
          <float_array id="Spine2-Matrix-animation-input-array" count="59">

0.000000 0.033333 0.066667 0.100000 0.133333 0.166667 0.200000 0.233333 0.266667 0.300000 0.333333 0.366667 0.400000 0.433333 0.466667 0.500000
0.533333 0.566667 0.600000 0.633333 0.666667 0.700000 0.733333 0.766667 0.800000 0.833333 0.866667 0.900000 0.933333 0.966667 1.000000 1.033333
1.066667 1.100000 1.133333 1.166667 1.200000 1.233333 1.266667 1.300000 1.333333 1.366667 1.400000 1.433333 1.466667 1.500000 1.533333 1.566667
1.600000 1.633333 1.666667 1.700000 1.733333 1.766667 1.800000 1.833333 1.866667 1.900000 1.933333</float_array>
          <technique_common>
            <accessor source="#Spine2-Matrix-animation-input-array" count="59">
              <param name="TIME" type="float"/>
            </accessor>
          </technique_common>
        </source>
        <source id="Spine2-Matrix-animation-output-transform">
          <float_array id="Spine2-Matrix-animation-output-transform-array" count="944">

1.000000 0.000000 0.000000 0.000000 0.000000 0.996658 0.081689 8.512151 0.000000 -0.081689 0.996658 0.000000 0.000000 0.000000 0.000000 1.000000
1.000000 0.000000 0.000000 0.000000 0.000000 0.997209 0.074663 8.512151 0.000000 -0.074663 0.997209 0.000000 0.000000 0.000000 0.000000 1.000000
1.000000 0.000000 0.000000 0.000000 0.000000 0.998323 0.057897 8.512151 0.000000 -0.057897 0.998323 0.000000 0.000000 0.000000 0.000000 1.000000
1.000000 0.000000 0.000000 0.000000 0.000000 0.999283 0.037864 8.512151 0.000000 -0.037864 0.999283 0.000000 0.000000 0.000000 0.000000 1.000000
1.000000 0.000000 0.000000 0.000000 0.000000 0.999778 0.021068 8.512151 0.000000 -0.021068 0.999778 0.000000 0.000000 0.000000 0.000000 1.000000
1.000000 0.000000 0.000000 0.000000 0.000000 0.999902 0.014023 8.512151 0.000000 -0.014023 0.999902 0.000000 0.000000 0.000000 0.000000 1.000000
1.000000 0.000000 0.000000 0.000000 0.000000 0.999893 0.014651 8.512151 0.000000 -0.014651 0.999893 0.000000 0.000000 0.000000 0.000000 1.000000
1.000000 0.000000 0.000000 0.000000 0.000000 0.999866 0.016354 8.512151 0.000000 -0.016354 0.999866 0.000000 0.000000 0.000000 0.000000 1.000000
1.000000 0.000000 0.000000 0.000000 0.000000 0.999822 0.018865 8.512151 0.000000 -0.018865 0.999822 0.000000 0.000000 0.000000 0.000000 1.000000
1.000000 0.000000 0.000000 0.000000 0.000000 0.999760 0.021914 8.512151 0.000000 -0.021914 0.999760 0.000000 0.000000 0.000000 0.000000 1.000000
1.000000 0.000000 0.000000 0.000000 0.000000 0.999682 0.025232 8.512151 0.000000 -0.025232 0.999682 0.000000 0.000000 0.000000 0.000000 1.000000
1.000000 0.000000 0.000000 0.000000 0.000000 0.999592 0.028549 8.512151 0.000000 -0.028549 0.999592 0.000000 0.000000 0.000000 0.000000 1.000000
1.000000 0.000000 0.000000 0.000000 0.000000 0.999501 0.031597 8.512151 0.000000 -0.031597 0.999501 0.000000 0.000000 0.000000 0.000000 1.000000
1.000000 0.000000 0.000000 0.000000 0.000000 0.999418 0.034107 8.512151 0.000000 -0.034107 0.999418 0.000000 0.000000 0.000000 0.000000 1.000000
1.000000 0.000000 0.000000 0.000000 0.000000 0.999359 0.035810 8.512151 0.000000 -0.035810 0.999359 0.000000 0.000000 0.000000 0.000000 1.000000
1.000000 0.000000 0.000000 0.000000 0.000000 0.999336 0.036438 8.512151 0.000000 -0.036438 0.999336 0.000000 0.000000 0.000000 0.000000 1.000000
1.000000 0.000000 0.000000 0.000000 0.000000 0.999336 0.036438 8.512151 0.000000 -0.036438 0.999336 0.000000 0.000000 0.000000 0.000000 1.000000
1.000000 0.000000 0.000000 0.000000 0.000000 0.999336 0.036438 8.512151 0.000000 -0.036438 0.999336 0.000000 0.000000 0.000000 0.000000 1.000000
1.000000 0.000000 0.000000 0.000000 0.000000 0.999336 0.036438 8.512151 0.000000 -0.036438 0.999336 0.000000 0.000000 0.000000 0.000000 1.000000
1.000000 0.000000 0.000000 0.000000 0.000000 0.999336 0.036438 8.512151 0.000000 -0.036438 0.999336 0.000000 0.000000 0.000000 0.000000 1.000000
1.000000 0.000000 0.000000 0.000000 0.000000 0.999336 0.036438 8.512151 0.000000 -0.036438 0.999336 -0.000000 0.000000 0.000000 0.000000 1.000000
1.000000 0.000000 0.000000 0.000000 0.000000 0.999336 0.036438 8.512151 0.000000 -0.036438 0.999336 0.000000 0.000000 0.000000 0.000000 1.000000
1.000000 0.000000 0.000000 0.000000 0.000000 0.999336 0.036438 8.512151 0.000000 -0.036438 0.999336 0.000000 0.000000 0.000000 0.000000 1.000000
1.000000 0.000000 0.000000 0.000000 0.000000 0.999336 0.036438 8.512151 0.000000 -0.036438 0.999336 0.000000 0.000000 0.000000 0.000000 1.000000
1.000000 0.000000 0.000000 0.000000 0.000000 0.999336 0.036438 8.512151 0.000000 -0.036438 0.999336 0.000000 0.000000 0.000000 0.000000 1.000000
1.000000 0.000000 0.000000 0.000000 0.000000 0.999336 0.036438 8.512151 0.000000 -0.036438 0.999336 0.000000 0.000000 0.000000 0.000000 1.000000
1.000000 0.000000 0.000000 0.000000 0.000000 0.999336 0.036438 8.512151 0.000000 -0.036438 0.999336 -0.000000 0.000000 0.000000 0.000000 1.000000
1.000000 0.000000 0.000000 0.000000 0.000000 0.999336 0.036438 8.512151 0.000000 -0.036438 0.999336 -0.000000 0.000000 0.000000 0.000000 1.000000
1.000000 0.000000 0.000000 0.000000 0.000000 0.999336 0.036438 8.512151 0.000000 -0.036438 0.999336 -0.000000 0.000000 0.000000 0.000000 1.000000
1.000000 0.000000 0.000000 0.000000 0.000000 0.999336 0.036438 8.512151 0.000000 -0.036438 0.999336 0.000000 0.000000 0.000000 0.000000 1.000000
1.000000 0.000000 0.000000 0.000000 0.000000 0.999336 0.036438 8.512151 0.000000 -0.036438 0.999336 0.000000 0.000000 0.000000 0.000000 1.000000
1.000000 0.000000 0.000000 0.000000 0.000000 0.999289 0.037706 8.512151 0.000000 -0.037706 0.999289 0.000000 0.000000 0.000000 0.000000 1.000000
1.000000 0.000000 0.000000 0.000000 0.000000 0.999153 0.041149 8.512151 0.000000 -0.041149 0.999153 0.000000 0.000000 0.000000 0.000000 1.000000
1.000000 0.000000 0.000000 0.000000 0.000000 0.998931 0.046222 8.512151 0.000000 -0.046222 0.998931 0.000000 0.000000 0.000000 0.000000 1.000000
1.000000 0.000000 0.000000 0.000000 0.000000 0.998627 0.052379 8.512151 0.000000 -0.052379 0.998627 0.000000 0.000000 0.000000 0.000000 1.000000
1.000000 0.000000 0.000000 0.000000 0.000000 0.998253 0.059078 8.512151 0.000000 -0.059078 0.998253 0.000000 0.000000 0.000000 0.000000 1.000000
1.000000 0.000000 0.000000 0.000000 0.000000 0.997834 0.065775 8.512151 0.000000 -0.065775 0.997834 0.000000 0.000000 0.000000 0.000000 1.000000
1.000000 0.000000 0.000000 0.000000 0.000000 0.997410 0.071925 8.512151 0.000000 -0.071925 0.997410 -0.000000 0.000000 0.000000 0.000000 1.000000
1.000000 0.000000 0.000000 0.000000 0.000000 0.997032 0.076989 8.512151 0.000000 -0.076989 0.997032 0.000000 0.000000 0.000000 0.000000 1.000000
1.000000 0.000000 0.000000 0.000000 0.000000 0.996761 0.080423 8.512151 0.000000 -0.080423 0.996761 0.000000 0.000000 0.000000 0.000000 1.000000
1.000000 0.000000 0.000000 0.000000 0.000000 0.996658 0.081689 8.512151 0.000000 -0.081689 0.996658 0.000000 0.000000 0.000000 0.000000 1.000000
1.000000 0.000000 0.000000 0.000000 0.000000 0.997939 0.064169 8.512151 0.000000 -0.064169 0.997939 0.000000 0.000000 0.000000 0.000000 1.000000
1.000000 0.000000 0.000000 0.000000 0.000000 0.999501 0.031584 8.512151 0.000000 -0.031584 0.999501 0.000000 0.000000 0.000000 0.000000 1.000000
1.000000 0.000000 0.000000 0.000000 0.000000 0.999902 0.014023 8.512151 0.000000 -0.014023 0.999902 0.000000 0.000000 0.000000 0.000000 1.000000
1.000000 0.000000 0.000000 0.000000 0.000000 0.999842 0.017776 8.512151 0.000000 -0.017776 0.999842 0.000000 0.000000 0.000000 0.000000 1.000000
1.000000 0.000000 0.000000 0.000000 0.000000 0.999623 0.027453 8.512151 0.000000 -0.027453 0.999623 -0.000000 0.000000 0.000000 0.000000 1.000000
1.000000 0.000000 0.000000 0.000000 0.000000 0.999172 0.040680 8.512151 0.000000 -0.040680 0.999172 0.000000 0.000000 0.000000 0.000000 1.000000
1.000000 0.000000 0.000000 0.000000 0.000000 0.998482 0.055084 8.512151 0.000000 -0.055084 0.998482 -0.000000 0.000000 0.000000 0.000000 1.000000
1.000000 0.000000 0.000000 0.000000 0.000000 0.997665 0.068294 8.512151 0.000000 -0.068294 0.997665 0.000000 0.000000 0.000000 0.000000 1.000000
1.000000 0.000000 0.000000 0.000000 0.000000 0.996957 0.077947 8.512151 0.000000 -0.077947 0.996957 0.000000 0.000000 0.000000 0.000000 1.000000
1.000000 0.000000 0.000000 0.000000 0.000000 0.996658 0.081689 8.512151 0.000000 -0.081689 0.996658 0.000000 0.000000 0.000000 0.000000 1.000000
1.000000 0.000000 0.000000 0.000000 0.000000 0.997939 0.064169 8.512151 0.000000 -0.064169 0.997939 0.000000 0.000000 0.000000 0.000000 1.000000
1.000000 0.000000 0.000000 0.000000 0.000000 0.999501 0.031584 8.512151 0.000000 -0.031584 0.999501 0.000000 0.000000 0.000000 0.000000 1.000000
1.000000 0.000000 0.000000 0.000000 0.000000 0.999902 0.014023 8.512151 0.000000 -0.014023 0.999902 0.000000 0.000000 0.000000 0.000000 1.000000
1.000000 0.000000 0.000000 0.000000 0.000000 0.999778 0.021068 8.512151 0.000000 -0.021068 0.999778 0.000000 0.000000 0.000000 0.000000 1.000000
1.000000 0.000000 0.000000 0.000000 0.000000 0.999283 0.037864 8.512151 0.000000 -0.037864 0.999283 0.000000 0.000000 0.000000 0.000000 1.000000
1.000000 0.000000 0.000000 0.000000 0.000000 0.998323 0.057897 8.512151 0.000000 -0.057897 0.998323 0.000000 0.000000 0.000000 0.000000 1.000000
1.000000 0.000000 0.000000 0.000000 0.000000 0.997209 0.074663 8.512151 0.000000 -0.074663 0.997209 0.000000 0.000000 0.000000 0.000000 1.000000
1.000000 0.000000 0.000000 0.000000 0.000000 0.996658 0.081689 8.512151 0.000000 -0.081689 0.996658 0.000000 0.000000 0.000000 0.000000 1.000000</float_array>
          <technique_common>
            <accessor source="#Spine2-Matrix-animation-output-transform-array" count="59" stride="16">
              <param type="float4x4"/>
            </accessor>
          </technique_common>
        </source>
        <source id="Spine2-Interpolations">
          <Name_array id="Spine2-Interpolations-array" count="59">
 LINEAR LINEAR LINEAR LINEAR LINEAR LINEAR LINEAR LINEAR LINEAR LINEAR LINEAR
LINEAR LINEAR LINEAR LINEAR LINEAR LINEAR LINEAR LINEAR LINEAR LINEAR LINEAR LINEAR
LINEAR LINEAR LINEAR LINEAR LINEAR LINEAR LINEAR LINEAR LINEAR LINEAR LINEAR LINEAR
LINEAR LINEAR LINEAR LINEAR LINEAR LINEAR LINEAR LINEAR LINEAR LINEAR LINEAR LINEAR
LINEAR LINEAR LINEAR LINEAR LINEAR LINEAR LINEAR LINEAR LINEAR LINEAR LINEAR LINEAR</Name_array>
          <technique_common>
            <accessor source="#Spine2-Interpolations-array" count="59">
              <param type="name"/>
            </accessor>
          </technique_common>
        </source>
        <sampler id="Spine2-Matrix-animation-transform">
          <input semantic="INPUT" source="#Spine2-Matrix-animation-input"/>
          <input semantic="OUTPUT" source="#Spine2-Matrix-animation-output-transform"/>
          <input semantic="INTERPOLATION" source="#Spine2-Interpolations"/>
        </sampler>
        <channel source="#Spine2-Matrix-animation-transform" target="Spine2/matrix"/>
      </animation>
      <animation>
        <source id="Spine2-visibility-animation-input">
          <float_array id="Spine2-visibility-animation-input-array" count="9">

0.000000 0.166667 0.500000 1.000000 1.333333 1.433333 1.666667 1.766667 1.933333</float_array>
          <technique_common>
